sim	per	nosc	ntonic	NED
1	6	30	1	0.3437
2	5	13	3	0.5292
3	8	14	3	0.4885
4	7	18	5	0.5651
5	10	14	3	0.5576
6	7	14	3	0.5051
7	7	15	5	0.5428
8	6	20	2	0.4515
9	13	18	3	0.6568
10	6	22	0	0.3860
11	7	19	2	0.5300
12	8	16	3	0.5458
13	6	11	2	0.6042
14	8	12	1	0.4588
15	7	17	6	0.5045
16	6	32	0	0.1615
17	6	14	1	0.5106
18	6	39	6	0.4291
19	8	13	3	0.5785
20	6	19	3	0.4770
21	5	20	6	0.5646
22	6	23	1	0.5030
23	8	20	2	0.5155
24	6	8	1	0.5808
25	6	29	0	0.1813
26	13	11	1	0.6022
27	12	13	2	0.6274
28	6	26	0	0.2247
29	6	12	4	0.4678
30	7	9	4	0.5213
31	7	14	7	0.4329
32	7	16	6	0.4272
33	6	15	7	0.4696
34	6	13	2	0.5651
35	7	13	2	0.5518
36	6	11	4	0.4787
37	8	12	3	0.4632
38	6	13	6	0.4322
39	6	27	0	0.3161
40	6	13	5	0.5854
41	6	26	2	0.4519
42	20	19	1	0.5280
43	7	15	1	0.5002
44	6	14	3	0.5440
45	6	22	1	0.5119
46	6	17	5	0.5179
47	6	35	1	0.4391
48	7	15	1	0.5386
49	7	12	2	0.5592
50	7	26	0	0.4135
51	6	15	4	0.5846
52	6	13	2	0.5905
53	6	22	6	0.5094
54	6	15	3	0.5086
55	6	28	0	0.0000
56	7	22	2	0.5262
57	6	24	5	0.4618
58	9	15	2	0.5901
59	7	13	5	0.4405
60	6	18	2	0.4586
61	7	15	4	0.5105
62	6	17	3	0.5661
63	8	13	2	0.5314
64	5	9	3	0.6301
65	6	38	0	0.1637
66	6	9	4	0.5169
67	6	19	1	0.4074
68	10	16	3	0.6074
69	6	38	0	0.2741
70	6	17	8	0.4171
71	6	18	5	0.5443
72	6	16	3	0.5106
73	6	20	3	0.5437
74	6	12	3	0.6428
75	6	17	5	0.5454
76	6	25	3	0.4744
77	9	19	4	0.5190
78	6	13	3	0.5362
79	7	19	5	0.5046
80	8	15	3	0.5359
81	7	16	2	0.6124
82	6	15	3	0.5954
83	6	23	2	0.5093
84	6	44	0	0.0000
85	6	37	0	0.2019
86	6	13	5	0.5492
87	6	18	3	0.6074
88	6	39	3	0.4241
89	6	28	0	0.2706
90	7	14	3	0.4994
91	6	26	3	0.4102
92	7	21	3	0.5771
93	7	28	2	0.2451
94	7	29	0	0.3751
95	7	20	2	0.5023
96	8	20	4	0.5220
97	8	12	5	0.5046
98	6	29	2	0.5338
99	6	15	2	0.6185
100	6	33	0	0.0000
101	13	13	5	0.4931
102	7	27	1	0.4697
103	6	18	4	0.4981
104	6	47	0	0.0000
105	7	14	2	0.5355
106	6	13	7	0.4458
107	6	20	3	0.5351
108	6	10	4	0.5319
109	6	17	4	0.5833
110	7	26	0	0.2055
111	6	17	6	0.4672
112	6	15	3	0.5608
113	8	9	3	0.5717
114	8	10	1	0.5019
115	6	16	1	0.4591
116	6	8	0	0.3939
117	6	17	3	0.5620
118	13	14	2	0.5615
119	7	20	9	0.4742
120	6	13	6	0.5128
121	6	16	5	0.5674
122	6	23	2	0.4893
123	6	21	2	0.5727
124	6	23	2	0.4548
125	6	16	4	0.6188
126	7	13	2	0.4627
127	6	13	4	0.5245
128	6	21	1	0.5465
129	6	17	6	0.4488
130	25	17	1	0.5906
131	6	17	3	0.6061
132	12	12	2	0.5544
133	7	15	2	0.6042
134	7	25	1	0.5117
135	8	13	3	0.6403
136	10	11	2	0.7144
137	15	12	1	0.6758
138	7	17	2	0.5857
139	6	13	4	0.4768
140	7	30	1	0.3909
141	6	13	3	0.5608
142	6	18	3	0.5843
143	6	30	0	0.3725
144	9	20	3	0.5971
145	7	21	2	0.5039
146	6	37	0	0.0000
147	6	17	3	0.5686
148	6	18	4	0.4939
149	6	32	0	0.2749
150	5	11	5	0.5702
151	6	24	1	0.4634
152	6	18	4	0.5171
153	6	16	3	0.5046
154	6	35	0	0.0137
155	6	45	0	0.0000
156	7	36	0	0.2046
157	7	16	5	0.4383
158	6	12	3	0.5347
159	6	20	4	0.5452
160	6	24	2	0.4903
161	6	55	0	0.0000
162	6	18	3	0.5691
163	13	15	1	0.5832
164	6	25	3	0.4662
165	7	10	3	0.5285
166	6	12	7	0.5124
167	6	19	5	0.5216
168	6	31	0	0.3120
169	8	10	4	0.5226
170	6	32	0	0.0000
171	6	19	1	0.5548
172	6	14	6	0.5348
173	9	15	11	0.4029
174	6	44	0	0.2516
175	7	29	0	0.3751
176	20	15	4	0.4070
177	6	13	6	0.5083
178	7	14	7	0.4849
179	6	32	0	0.0213
180	10	15	3	0.5391
181	9	17	3	0.5413
182	13	13	5	0.4931
183	7	27	1	0.4697
184	8	15	4	0.5415
185	6	24	1	0.3927
186	7	20	3	0.5352
187	6	14	4	0.5839
188	6	13	5	0.5126
189	6	20	2	0.5687
190	6	48	0	0.2508
191	5	13	4	0.5295
192	7	23	2	0.5291
193	6	32	4	0.5103
194	6	14	4	0.6115
195	6	19	2	0.5945
196	6	12	3	0.5621
197	6	18	3	0.5263
198	6	23	3	0.5277
199	6	15	1	0.4205
200	6	28	7	0.4239
201	6	18	2	0.5516
202	7	24	2	0.5045
203	6	19	8	0.5354
204	6	55	0	0.2288
205	7	17	4	0.4820
206	7	19	7	0.4014
207	6	27	4	0.4435
208	9	16	3	0.5207
209	7	13	2	0.5101
210	5	14	4	0.5426
211	6	23	3	0.4764
212	5	17	4	0.5535
213	6	34	1	0.3803
214	6	18	3	0.5762
215	50	26	4	0.4571
216	6	30	0	0.2872
217	6	15	5	0.5473
218	8	22	3	0.5395
219	6	30	2	0.3455
220	5	12	4	0.6074
221	7	16	4	0.5375
222	7	20	4	0.4891
223	10	18	3	0.4416
224	5	8	2	0.5807
225	7	18	3	0.5867
226	6	26	1	0.3420
227	6	21	0	0.3084
228	6	12	2	0.5460
229	6	40	0	0.1651
230	7	12	4	0.4642
231	8	16	4	0.5198
232	6	37	1	0.3204
233	6	13	5	0.5139
234	8	12	3	0.5682
235	7	23	2	0.4647
236	6	31	2	0.4171
237	6	22	3	0.4766
238	7	20	3	0.5237
239	12	16	2	0.4825
240	7	16	5	0.5743
241	7	15	2	0.5507
242	6	30	0	0.0000
243	7	16	4	0.4438
244	6	38	0	0.0000
245	6	16	7	0.5145
246	7	13	2	0.5174
247	7	15	2	0.6176
248	5	11	3	0.6627
249	6	21	8	0.4371
250	6	35	1	0.0752
251	6	13	3	0.5740
252	6	11	3	0.5224
253	6	21	0	0.4170
254	10	13	3	0.4479
255	6	18	4	0.4713
256	6	17	2	0.5649
257	6	17	4	0.5201
258	6	19	2	0.5784
259	7	24	0	0.4666
260	7	23	3	0.4558
261	6	13	3	0.5544
262	6	19	0	0.0000
263	6	27	2	0.4242
264	7	18	6	0.4209
265	6	6	1	0.5588
266	6	24	1	0.3927
267	8	16	4	0.4795
268	6	37	0	0.1909
269	6	20	4	0.5535
270	6	20	2	0.5687
271	6	48	0	0.2508
272	6	14	2	0.5899
273	7	23	2	0.5291
274	6	14	4	0.5676
275	6	18	3	0.5468
276	50	20	0	0.6231
277	7	48	0	0.2991
278	9	20	5	0.5679
279	6	12	5	0.5184
280	6	17	2	0.5181
281	7	13	1	0.5008
282	6	18	3	0.5574
283	8	18	3	0.5182
284	6	13	3	0.5802
285	6	30	1	0.3756
286	6	14	2	0.6242
287	6	12	5	0.5367
288	6	19	2	0.4713
289	6	28	2	0.4134
290	6	17	3	0.5981
291	8	14	3	0.5007
292	6	20	4	0.4655
293	6	22	5	0.5562
294	9	13	3	0.5331
295	5	18	8	0.4948
296	7	14	2	0.5317
297	8	13	3	0.6403
298	6	14	2	0.6478
299	10	15	1	0.5753
300	7	16	2	0.4968
301	6	14	3	0.5015
302	6	14	5	0.5595
303	6	17	7	0.5106
304	6	27	0	0.0393
305	6	40	0	0.3285
306	50	3	0	0.2445
307	9	16	5	0.4238
308	6	28	2	0.4159
309	6	14	5	0.5198
310	6	11	4	0.5220
311	15	15	2	0.6576
312	6	45	0	0.0207
313	6	26	1	0.4086
314	6	22	0	0.4281
315	7	15	3	0.5234
316	6	25	1	0.3484
317	7	36	1	0.3659
318	6	15	4	0.6275
319	6	46	0	0.0000
320	5	20	5	0.4587
321	6	21	3	0.5154
322	6	12	3	0.5879
323	6	21	0	0.0183
324	6	10	2	0.5728
325	8	17	7	0.4784
326	6	15	3	0.5632
327	6	15	3	0.5830
328	8	18	2	0.4938
329	8	11	7	0.4149
330	6	13	2	0.6234
331	7	17	4	0.6047
332	6	17	3	0.5047
333	7	18	4	0.4928
334	10	16	3	0.5211
335	6	16	2	0.5159
336	7	12	4	0.5454
337	7	16	4	0.5097
338	5	11	8	0.4473
339	6	12	8	0.4169
340	7	13	2	0.6243
341	6	17	2	0.5476
342	6	21	2	0.4229
343	5	13	7	0.5027
344	6	17	3	0.4644
345	6	33	0	0.2145
346	15	15	1	0.6311
347	7	14	2	0.6079
348	7	17	2	0.5327
349	9	14	15	0.2952
350	6	21	3	0.5085
351	6	19	8	0.4911
352	7	17	7	0.3853
353	6	28	1	0.4877
354	7	23	2	0.5291
355	9	8	3	0.5164
356	6	19	4	0.5440
357	6	20	9	0.4664
358	6	18	6	0.5081
359	7	24	2	0.4893
360	6	13	2	0.5529
361	6	29	3	0.5197
362	6	28	7	0.4239
363	7	13	3	0.6010
364	7	40	0	0.2590
365	6	19	8	0.5354
366	7	22	2	0.4989
367	10	15	5	0.4068
368	6	25	7	0.4354
369	6	28	3	0.4496
370	6	18	3	0.5803
371	7	13	3	0.5509
372	7	12	2	0.5820
373	10	8	3	0.5662
374	6	24	3	0.4724
375	6	12	4	0.4983
376	8	8	1	0.5931
377	7	12	2	0.5716
378	7	19	2	0.5801
379	7	11	4	0.5385
380	8	22	3	0.5395
381	6	9	5	0.5278
382	6	15	6	0.4923
383	6	15	3	0.5507
384	8	17	3	0.5088
385	6	13	3	0.5505
386	9	13	2	0.3882
387	5	13	9	0.5231
388	6	13	1	0.4776
389	6	17	6	0.5330
390	6	12	2	0.5460
391	6	18	8	0.3769
392	7	25	2	0.4620
393	8	19	2	0.4562
394	6	26	2	0.4285
395	6	13	5	0.6215
396	12	18	2	0.5859
397	6	4	0	0.1806
398	6	41	0	0.2331
399	6	34	2	0.2784
400	6	21	0	0.4644
401	6	25	2	0.5153
402	6	29	0	0.2722
403	6	17	4	0.4899
404	6	37	0	0.2485
405	7	9	4	0.5704
406	5	11	6	0.4273
407	6	25	3	0.4662
408	6	20	5	0.5308
409	7	15	2	0.5427
410	6	16	10	0.4706
411	6	29	2	0.4888
412	25	18	1	0.5059
413	6	29	1	0.3632
414	8	12	1	0.6342
415	6	41	1	0.3656
416	6	31	1	0.3078
417	8	14	4	0.5435
418	6	38	0	0.1481
419	7	12	4	0.5968
420	6	45	1	0.2846
421	6	29	4	0.4947
422	9	17	5	0.4213
423	6	30	0	0.0000
424	8	21	1	0.2437
425	6	25	3	0.4961
426	8	13	5	0.4825
427	7	26	3	0.4536
428	7	13	4	0.4437
429	7	15	1	0.4198
430	7	15	1	0.4607
431	6	14	5	0.5621
432	9	16	3	0.5702
433	6	12	3	0.6310
434	6	23	0	0.3363
435	7	23	2	0.5291
436	9	8	3	0.5164
437	6	18	3	0.5468
438	6	31	2	0.4763
439	6	19	4	0.5751
440	6	44	1	0.2802
441	8	14	1	0.6137
442	34	25	2	0.6579
443	6	28	7	0.4239
444	6	18	2	0.5516
445	6	36	0	0.0246
446	7	18	3	0.5415
447	8	22	5	0.5624
448	7	27	2	0.4812
449	6	38	0	0.1542
450	7	10	1	0.5264
451	7	10	2	0.6689
452	6	16	4	0.5560
453	6	15	4	0.5747
454	6	21	2	0.5597
455	6	16	3	0.6002
456	6	26	3	0.4872
457	7	16	3	0.5095
458	6	17	4	0.4908
459	6	17	6	0.4881
460	7	11	4	0.5385
461	6	16	5	0.5272
462	6	21	3	0.4434
463	7	11	4	0.4574
464	7	9	3	0.6372
465	6	12	7	0.3924
466	7	16	3	0.5272
467	6	17	4	0.5150
468	5	7	9	0.3520
469	8	18	1	0.5338
470	10	17	2	0.6094
471	6	8	4	0.5208
472	6	22	2	0.5309
473	6	18	2	0.5040
474	6	20	3	0.5366
475	10	20	5	0.5006
476	6	18	3	0.4835
477	6	15	4	0.4853
478	6	21	4	0.4429
479	6	20	3	0.4696
480	6	21	0	0.1536
481	6	24	0	0.1349
482	8	11	2	0.5989
483	6	11	6	0.5597
484	6	34	0	0.1584
485	7	18	2	0.4606
486	6	16	8	0.3770
487	6	20	3	0.5060
488	8	20	2	0.4914
489	6	18	2	0.4626
490	7	27	1	0.4095
491	10	9	1	0.6742
492	5	10	5	0.5930
493	6	29	3	0.5470
494	7	14	3	0.5302
495	6	17	2	0.6321
496	6	19	7	0.4234
497	7	23	3	0.5414
498	6	16	4	0.6103
499	10	13	1	0.6218
500	12	15	1	0.6175
501	6	11	2	0.6973
502	6	13	0	0.0116
503	50	22	1	0.5492
504	6	11	2	0.6244
505	7	10	9	0.3490
506	6	27	1	0.4590
507	6	19	2	0.5295
508	6	17	2	0.5177
509	6	19	3	0.5246
510	7	14	0	0.5319
511	8	19	1	0.5414
512	6	19	1	0.4074
513	6	17	3	0.3699
514	6	27	0	0.1978
515	8	17	4	0.4958
516	8	16	2	0.5444
517	5	14	5	0.5314
518	8	14	4	0.5147
519	6	11	3	0.6266
520	8	19	2	0.5048
521	6	13	4	0.4584
522	6	18	1	0.3532
523	6	21	4	0.4790
524	5	13	9	0.4089
525	8	15	2	0.5668
526	6	14	3	0.6126
527	6	17	2	0.5691
528	6	15	7	0.4576
529	6	18	9	0.4925
530	9	16	1	0.5220
531	6	19	2	0.5234
532	6	24	4	0.4263
533	6	16	6	0.4943
534	6	11	6	0.3750
535	6	21	2	0.4682
536	6	8	2	0.6988
537	6	22	0	0.0000
538	6	47	0	0.2211
539	7	20	1	0.5304
540	6	17	3	0.5494
541	6	10	3	0.5938
542	5	12	5	0.5387
543	6	40	0	0.1372
544	7	18	2	0.5255
545	6	18	3	0.6122
546	10	20	2	0.5512
547	7	24	5	0.4437
548	6	38	0	0.1637
549	5	19	3	0.4928
550	5	14	2	0.4411
551	6	16	3	0.4327
552	7	23	4	0.6035
553	6	31	3	0.4646
554	6	22	2	0.5428
555	6	17	10	0.3973
556	5	19	5	0.4922
557	7	17	8	0.4635
558	6	17	2	0.5027
559	6	45	0	0.2274
560	5	10	4	0.5884
561	6	52	0	0.0504
562	6	18	4	0.4546
563	10	10	2	0.6588
564	6	18	6	0.4937
565	6	40	0	0.0000
566	7	18	3	0.4549
567	6	23	1	0.4985
568	6	21	2	0.5207
569	7	17	6	0.5787
570	6	28	4	0.4209
571	6	16	1	0.4879
572	6	25	2	0.3402
573	6	14	0	0.3215
574	8	14	3	0.5273
575	25	9	0	0.6029
576	5	14	6	0.4453
577	8	18	5	0.4593
578	6	10	3	0.6630
579	8	19	6	0.5386
580	10	15	3	0.5391
581	7	14	4	0.5103
582	7	15	3	0.5422
583	6	26	1	0.4678
584	6	11	2	0.5461
585	6	25	1	0.2846
586	6	19	8	0.3778
587	6	31	2	0.4218
588	6	13	6	0.4938
589	5	7	6	0.4519
590	7	16	3	0.4587
591	6	22	1	0.4742
592	6	25	4	0.5210
593	6	15	1	0.5997
594	6	13	2	0.6458
595	6	24	5	0.5428
596	9	20	6	0.4874
597	6	28	0	0.1873
598	9	20	4	0.5702
599	6	9	3	0.5886
600	6	18	3	0.5019
601	7	17	2	0.5498
602	6	13	3	0.5196
603	6	15	3	0.5632
604	6	44	0	0.0000
605	6	20	4	0.5620
606	25	17	1	0.6898
607	8	17	4	0.4994
608	6	12	5	0.4737
609	6	23	3	0.5763
610	6	23	3	0.5298
611	6	32	0	0.3252
612	6	38	0	0.0000
613	6	14	4	0.4917
614	7	40	0	0.3011
615	6	16	5	0.5112
616	6	4	0	0.2018
617	6	32	0	0.2756
618	7	34	0	0.1970
619	6	20	2	0.4593
620	7	12	1	0.5743
621	6	34	2	0.4000
622	6	15	3	0.5136
623	7	15	1	0.5916
624	7	39	0	0.1471
625	6	8	2	0.5312
626	6	18	1	0.4729
627	6	37	1	0.3383
628	8	26	3	0.4976
629	6	37	1	0.3204
630	6	22	5	0.4812
631	6	15	1	0.5736
632	7	27	4	0.4219
633	6	35	0	0.2722
634	7	22	4	0.5014
635	7	11	4	0.5015
636	6	29	3	0.5197
637	7	16	3	0.4921
638	5	23	4	0.4996
639	6	24	1	0.4242
640	6	25	2	0.4566
641	7	13	2	0.6443
642	10	15	1	0.5155
643	6	51	0	0.1367
644	10	9	1	0.6742
645	6	22	5	0.4155
646	6	13	3	0.5633
647	7	29	3	0.4700
648	6	22	3	0.5638
649	8	19	3	0.5358
650	7	15	3	0.5526
651	6	12	4	0.6276
652	6	18	2	0.5765
653	7	22	2	0.5283
654	6	16	3	0.6906
655	6	33	0	0.3308
656	6	59	0	0.0000
657	5	11	5	0.6062
658	6	15	4	0.5768
659	6	46	1	0.2786
660	6	40	0	0.2311
661	6	36	1	0.4077
662	6	27	0	0.0501
663	6	31	1	0.2937
664	8	12	3	0.5534
665	6	25	2	0.4921
666	8	16	4	0.5198
667	6	22	1	0.4860
668	7	18	3	0.4669
669	5	12	4	0.5139
670	7	28	0	0.1860
671	6	16	2	0.5143
672	8	19	2	0.5048
673	6	12	5	0.5184
674	6	15	1	0.4205
675	7	15	7	0.3963
676	6	18	2	0.5512
677	7	11	1	0.3569
678	6	21	1	0.4199
679	6	15	4	0.4798
680	6	19	11	0.3852
681	6	21	0	0.0000
682	6	31	1	0.3715
683	6	20	3	0.4725
684	7	26	0	0.1987
685	50	20	4	0.4569
686	6	29	0	0.3855
687	6	25	5	0.4321
688	7	20	4	0.5956
689	6	18	5	0.4765
690	10	22	3	0.4704
691	6	15	8	0.4386
692	6	40	0	0.0000
693	5	18	6	0.5477
694	6	13	6	0.3968
695	7	13	10	0.4487
696	6	38	0	0.0000
697	5	6	2	0.7027
698	6	12	2	0.5443
699	7	19	3	0.5426
700	8	12	2	0.5554
701	7	18	3	0.4954
702	6	27	0	0.3584
703	50	14	0	0.6007
704	6	22	3	0.4502
705	6	31	1	0.3565
706	6	21	2	0.4585
707	7	15	5	0.4607
708	6	9	3	0.4520
709	6	44	0	0.2432
710	6	23	4	0.4615
711	7	21	1	0.5212
712	6	17	1	0.5177
713	7	23	1	0.5053
714	6	28	1	0.4114
715	6	21	2	0.5098
716	10	15	4	0.5432
717	6	19	6	0.4659
718	6	28	0	0.1683
719	6	15	1	0.5344
720	8	15	4	0.4745
721	8	15	6	0.4814
722	6	11	2	0.6108
723	6	14	3	0.6032
724	5	14	6	0.4787
725	6	21	1	0.4777
726	7	10	6	0.4050
727	6	50	0	0.0197
728	6	30	0	0.3302
729	6	13	1	0.5697
730	6	11	5	0.5959
731	5	16	6	0.4728
732	6	40	1	0.3120
733	7	10	3	0.6358
734	7	14	2	0.6057
735	7	20	3	0.5493
736	8	14	3	0.4870
737	6	22	3	0.5005
738	6	20	4	0.4863
739	6	22	3	0.4448
740	7	17	3	0.5100
741	6	24	4	0.4753
742	6	24	1	0.5015
743	6	31	0	0.0522
744	9	16	3	0.5702
745	6	22	3	0.4502
746	5	13	4	0.5295
747	6	21	5	0.4959
748	6	17	5	0.5308
749	7	14	0	0.4463
750	6	18	1	0.5102
751	6	14	1	0.4986
752	8	15	6	0.5368
753	6	23	4	0.4592
754	6	17	5	0.5445
755	5	13	5	0.5053
756	6	21	2	0.5098
757	7	20	2	0.5660
758	7	14	2	0.6019
759	6	11	4	0.3640
760	8	14	2	0.5704
761	6	13	3	0.6013
762	6	29	1	0.3873
763	6	26	8	0.4260
764	6	15	6	0.5168
765	6	18	3	0.4547
766	5	23	3	0.4340
767	6	20	1	0.4647
768	6	17	2	0.4453
769	7	15	1	0.5884
770	6	5	2	0.3869
771	7	20	0	0.2820
772	12	15	1	0.6175
773	6	21	6	0.4771
774	6	43	0	0.0000
775	7	15	5	0.3998
776	6	32	0	0.2599
777	6	36	1	0.3891
778	7	14	2	0.5354
779	6	39	0	0.1526
780	7	25	0	0.2143
781	6	24	1	0.3876
782	6	30	1	0.3635
783	7	20	1	0.4831
784	6	32	0	0.0528
785	6	33	1	0.4227
786	7	18	4	0.5511
787	7	15	4	0.5454
788	6	18	3	0.5535
789	6	24	1	0.3312
790	6	17	10	0.3973
791	6	12	1	0.6278
792	6	19	3	0.5265
793	6	24	5	0.4416
794	7	17	5	0.4531
795	6	25	1	0.4787
796	6	22	4	0.4547
797	6	37	2	0.3974
798	6	18	2	0.4518
799	6	40	0	0.0188
800	20	18	4	0.5776
801	7	13	1	0.6229
802	7	31	0	0.1455
803	7	38	1	0.4404
804	6	36	0	0.0000
805	6	15	7	0.3516
806	7	10	4	0.5546
807	8	19	1	0.4694
808	7	16	3	0.5767
809	6	26	2	0.4727
810	7	13	4	0.4553
811	6	23	3	0.5272
812	7	23	3	0.4884
813	10	16	6	0.4548
814	6	15	3	0.5131
815	8	21	1	0.5209
816	6	19	4	0.4733
817	10	15	3	0.5391
818	8	15	4	0.5958
819	6	12	5	0.5004
820	10	8	5	0.4319
821	6	13	3	0.6189
822	7	35	0	0.2627
823	6	17	4	0.5344
824	6	50	0	0.1990
825	8	13	4	0.5364
826	6	13	4	0.5080
827	7	18	4	0.5511
828	6	16	4	0.4486
829	6	21	3	0.5506
830	6	15	4	0.4742
831	6	15	5	0.4719
832	6	12	4	0.5652
833	7	34	0	0.2489
834	6	14	6	0.4985
835	7	14	4	0.4709
836	6	13	5	0.4578
837	6	32	5	0.4534
838	6	16	2	0.5862
839	6	16	1	0.5989
840	6	28	3	0.4380
841	20	18	4	0.5776
842	7	13	1	0.6229
843	7	31	0	0.1455
844	6	28	1	0.3793
845	6	18	6	0.4483
846	6	28	0	0.2161
847	7	10	4	0.5546
848	6	19	7	0.4301
849	8	17	3	0.5836
850	6	24	3	0.5390
851	6	13	4	0.5508
852	7	16	7	0.5393
853	5	12	4	0.6237
854	6	19	5	0.4915
855	8	12	3	0.4967
856	8	15	4	0.5582
857	6	27	4	0.4783
858	7	22	2	0.5121
859	6	36	1	0.3891
860	6	31	0	0.0000
861	6	25	9	0.4050
862	8	12	2	0.4525
863	6	25	4	0.4797
864	7	16	3	0.6243
865	6	10	1	0.5193
866	6	13	4	0.5033
867	6	31	0	0.0000
868	6	23	1	0.3796
869	7	12	5	0.6465
870	6	20	3	0.4865
871	6	32	2	0.4255
872	6	21	3	0.5244
873	6	33	0	0.1016
874	50	1	0	0.7622
875	6	21	4	0.5156
876	7	24	2	0.4826
877	6	17	5	0.4832
878	6	12	2	0.6725
879	6	11	3	0.5645
880	6	14	3	0.5943
881	6	25	1	0.4488
882	6	6	4	0.7002
883	10	11	11	0.3196
884	6	14	1	0.5821
885	6	12	5	0.6420
886	6	30	0	0.1974
887	6	22	3	0.4618
888	6	19	4	0.4668
889	7	15	4	0.5138
890	6	23	3	0.5172
891	6	11	3	0.5474
892	6	11	4	0.6171
893	5	13	3	0.5197
894	7	19	2	0.5135
895	6	19	5	0.4915
896	7	18	4	0.5999
897	7	11	3	0.5396
898	7	15	3	0.5078
899	6	33	0	0.0000
900	6	19	0	0.0000
901	8	19	1	0.5584
902	7	28	4	0.4577
903	12	13	0	0.6761
904	5	11	3	0.5352
905	7	35	0	0.1651
906	7	15	2	0.4500
907	7	13	4	0.5206
908	6	15	7	0.5033
909	6	31	1	0.3452
910	6	14	2	0.6217
911	5	17	4	0.4826
912	6	21	3	0.5181
913	6	16	10	0.4619
914	6	26	1	0.4234
915	6	27	1	0.4366
916	6	37	1	0.4038
917	6	7	9	0.5024
918	7	24	3	0.4612
919	6	18	6	0.5505
920	7	10	3	0.5184
921	6	11	4	0.5750
922	6	48	0	0.0000
923	6	18	3	0.5283
924	6	25	2	0.3768
925	8	27	1	0.4496
926	6	20	0	0.0000
927	8	18	4	0.5392
928	7	11	2	0.5382
929	6	24	1	0.4377
930	6	16	4	0.4783
931	6	35	0	0.2916
932	6	11	4	0.4931
933	6	43	0	0.0000
934	6	24	2	0.5045
935	6	12	3	0.6535
936	7	17	4	0.5477
937	6	15	3	0.5131
938	7	24	0	0.4666
939	7	18	3	0.5214
940	6	10	3	0.6854
941	6	18	3	0.5177
942	17	12	2	0.4396
943	5	18	7	0.4343
944	6	14	4	0.6243
945	5	11	3	0.5352
946	7	35	0	0.1651
947	6	12	5	0.5008
948	6	29	0	0.1095
949	6	17	4	0.4476
950	6	31	1	0.3452
951	6	14	2	0.6217
952	6	21	0	0.0000
953	6	15	4	0.5351
954	5	9	3	0.7243
955	6	15	7	0.4696
956	9	17	1	0.6397
957	6	37	1	0.4038
958	7	12	3	0.5861
959	7	24	3	0.4612
960	6	18	6	0.5505
961	6	16	1	0.5161
962	6	32	2	0.4861
963	7	20	4	0.4187
964	7	15	2	0.5154
965	7	14	6	0.4893
966	7	31	0	0.1455
967	7	38	1	0.4404
968	6	25	3	0.4873
969	7	14	3	0.5096
970	6	16	4	0.5702
971	50	20	4	0.4569
972	8	17	3	0.5836
973	6	22	1	0.4340
974	6	11	4	0.6171
975	6	16	4	0.6103
976	34	18	0	0.6783
977	6	19	5	0.4915
978	6	19	3	0.4940
979	8	15	4	0.5582
980	7	15	3	0.5078
981	8	12	2	0.5891
982	10	16	2	0.6362
983	6	29	3	0.4250
984	10	21	10	0.4225
985	6	27	2	0.4637
986	6	38	0	0.2937
987	7	14	5	0.5270
988	6	13	4	0.5288
989	6	24	3	0.5494
990	6	10	4	0.5319
991	6	25	4	0.3910
992	5	13	4	0.5295
993	9	14	2	0.5287
994	6	23	1	0.4536
995	6	12	4	0.4830
996	6	18	1	0.5102
997	6	29	2	0.3959
998	6	9	4	0.4500
999	6	23	4	0.4592
1000	7	23	1	0.5053
1001	6	38	2	0.3827
1002	6	11	3	0.6518
1003	7	17	7	0.4796
1004	6	23	3	0.4845
1005	6	23	5	0.5180
1006	6	22	3	0.5786
1007	8	14	3	0.5568
1008	7	14	3	0.5466
1009	6	12	4	0.5546
1010	6	14	7	0.4784
1011	12	15	2	0.6087
1012	6	13	3	0.5636
1013	6	14	3	0.5069
1014	7	17	2	0.5279
1015	7	18	1	0.4425
1016	6	50	0	0.0000
1017	6	25	3	0.5306
1018	9	20	6	0.4091
1019	6	20	5	0.4853
1020	6	12	1	0.5889
1021	6	15	2	0.4286
1022	6	15	6	0.5252
1023	6	15	3	0.5644
1024	6	11	3	0.6019
1025	15	15	5	0.5665
1026	6	17	2	0.5902
1027	5	11	2	0.6541
1028	7	22	2	0.5344
1029	7	16	2	0.5325
1030	7	12	4	0.5208
1031	7	22	4	0.4791
1032	9	12	3	0.6394
1033	6	22	4	0.4139
1034	8	21	7	0.4226
1035	6	18	5	0.4210
1036	9	10	2	0.6163
1037	6	21	5	0.4609
1038	6	19	4	0.5751
1039	6	25	1	0.4023
1040	6	43	0	0.0367
1041	6	17	4	0.6048
1042	6	19	4	0.5262
1043	6	30	1	0.3845
1044	6	20	2	0.4613
1045	6	23	2	0.4684
1046	6	19	5	0.4949
1047	6	13	4	0.4753
1048	6	25	1	0.3674
1049	6	20	0	0.0000
1050	6	23	4	0.4548
1051	15	21	2	0.5605
1052	12	10	2	0.6281
1053	17	9	0	0.5368
1054	6	20	7	0.5170
1055	7	13	3	0.5172
1056	7	11	1	0.5647
1057	7	26	0	0.4464
1058	6	26	0	0.3225
1059	6	19	1	0.5039
1060	7	33	1	0.4377
1061	8	21	1	0.2653
1062	6	15	2	0.4286
1063	6	19	4	0.5633
1064	7	12	2	0.6071
1065	7	36	0	0.3282
1066	12	13	2	0.6643
1067	5	15	8	0.4575
1068	6	15	1	0.6229
1069	6	19	3	0.5383
1070	6	13	3	0.6615
1071	5	19	5	0.5101
1072	6	19	1	0.4461
1073	6	16	4	0.4361
1074	6	15	2	0.5134
1075	7	20	3	0.5178
1076	8	20	8	0.4014
1077	7	16	4	0.4989
1078	8	14	1	0.5633
1079	7	48	0	0.2991
1080	6	25	0	0.1581
1081	6	36	3	0.3748
1082	6	16	0	0.4657
1083	6	29	1	0.2739
1084	6	52	0	0.1302
1085	6	13	5	0.5566
1086	7	29	1	0.4197
1087	6	39	0	0.0000
1088	6	45	0	0.0000
1089	6	24	6	0.5227
1090	6	15	3	0.5164
1091	9	13	3	0.4546
1092	6	17	1	0.5153
1093	6	16	7	0.4281
1094	6	22	0	0.0000
1095	6	33	0	0.0000
1096	6	11	2	0.5744
1097	10	15	2	0.5526
1098	6	16	1	0.5914
1099	6	16	2	0.5830
1100	8	14	7	0.5044
1101	6	33	0	0.3508
1102	6	10	3	0.4580
1103	6	21	2	0.5443
1104	7	16	3	0.5682
1105	6	17	3	0.5172
1106	7	21	2	0.5947
1107	6	22	0	0.0000
1108	6	21	3	0.5861
1109	6	21	5	0.4747
1110	6	21	0	0.2060
1111	6	21	2	0.4943
1112	7	13	4	0.5559
1113	7	20	3	0.5275
1114	8	21	2	0.4395
1115	6	21	6	0.4674
1116	6	21	1	0.3920
1117	6	28	0	0.0256
1118	7	18	2	0.4347
1119	6	21	0	0.0000
1120	6	22	0	0.3349
1121	6	14	3	0.6231
1122	6	40	1	0.3177
1123	6	14	4	0.5750
1124	6	17	2	0.4536
1125	8	16	3	0.6184
1126	8	12	1	0.6576
1127	6	43	0	0.0000
1128	6	15	7	0.4290
1129	6	16	5	0.4956
1130	5	22	2	0.4252
1131	7	15	1	0.5391
1132	8	10	2	0.6344
1133	6	23	2	0.4695
1134	7	25	2	0.4863
1135	7	25	0	0.2226
1136	6	10	2	0.5718
1137	6	20	6	0.4724
1138	6	17	2	0.6040
1139	6	5	2	0.3869
1140	6	30	1	0.3845
1141	5	10	4	0.6275
1142	5	16	13	0.4062
1143	5	16	4	0.5380
1144	6	13	2	0.5809
1145	8	9	10	0.3087
1146	6	25	1	0.3925
1147	6	24	1	0.4520
1148	6	11	2	0.7141
1149	7	50	0	0.1867
1150	6	16	2	0.5217
1151	8	18	3	0.5079
1152	5	17	10	0.4335
1153	7	13	4	0.5559
1154	6	22	1	0.3824
1155	7	36	0	0.3190
1156	12	21	1	0.5429
1157	7	22	2	0.5294
1158	6	17	5	0.5400
1159	10	13	1	0.5472
1160	6	18	0	0.2929
1161	6	47	1	0.3561
1162	6	16	2	0.5293
1163	6	17	3	0.5116
1164	6	20	1	0.3473
1165	6	25	4	0.4901
1166	6	23	3	0.5460
1167	6	16	2	0.5043
1168	5	9	3	0.6450
1169	34	24	3	0.5525
1170	7	9	1	0.5148
1171	6	25	3	0.4121
1172	6	15	4	0.5047
1173	6	47	0	0.0319
1174	6	19	5	0.5201
1175	7	30	0	0.4057
1176	6	20	5	0.4618
1177	6	20	1	0.4647
1178	6	13	3	0.5672
1179	6	20	5	0.4706
1180	6	16	1	0.5914
1181	7	11	2	0.7023
1182	5	15	4	0.5834
1183	5	16	4	0.5336
1184	6	16	4	0.6453
1185	6	17	3	0.5641
1186	7	16	3	0.5682
1187	5	10	9	0.3495
1188	7	25	1	0.4265
1189	6	39	0	0.1526
1190	8	12	2	0.4525
1191	6	47	0	0.0000
1192	7	20	2	0.4704
1193	8	15	15	0.3604
1194	6	33	0	0.0274
1195	5	17	8	0.4487
1196	7	24	4	0.4893
1197	6	15	4	0.4470
1198	6	22	4	0.5246
1199	7	31	1	0.4043
1200	6	25	0	0.0000
1201	6	33	0	0.1016
1202	6	35	0	0.2722
1203	7	13	2	0.5518
1204	6	23	2	0.4904
1205	7	17	6	0.5210
1206	6	15	5	0.4658
1207	6	33	0	0.1647
1208	20	23	2	0.5114
1209	6	36	0	0.1047
1210	5	16	6	0.4551
1211	6	25	2	0.3768
1212	6	14	2	0.5218
1213	6	23	1	0.4985
1214	6	35	1	0.3123
1215	6	22	5	0.4155
1216	6	15	5	0.4531
1217	8	14	5	0.5440
1218	10	21	4	0.4854
1219	6	24	3	0.5390
1220	7	17	4	0.5987
1221	5	13	3	0.5197
1222	5	9	5	0.6108
1223	5	19	5	0.5220
1224	6	41	0	0.0000
1225	6	34	1	0.4389
1226	6	19	3	0.4171
1227	6	25	4	0.5069
1228	6	20	4	0.4645
1229	7	15	2	0.4392
1230	7	40	0	0.1568
1231	6	27	2	0.4637
1232	7	30	2	0.4879
1233	6	30	0	0.0000
1234	6	21	2	0.4943
1235	6	24	3	0.5494
1236	6	33	3	0.4337
1237	6	25	4	0.3910
1238	6	24	1	0.4239
1239	6	15	4	0.5426
1240	6	40	0	0.0205
1241	10	13	1	0.5472
1242	7	15	3	0.5560
1243	6	47	1	0.3561
1244	8	11	5	0.5279
1245	6	44	0	0.1560
1246	5	12	3	0.5957
1247	25	21	3	0.5073
1248	6	21	3	0.4466
1249	7	13	3	0.5562
1250	5	15	4	0.5920
1251	6	13	7	0.4238
1252	6	8	2	0.6702
1253	8	15	4	0.4745
1254	7	20	2	0.4886
1255	6	11	2	0.6108
1256	6	42	0	0.0000
1257	6	24	1	0.1725
1258	6	26	4	0.4507
1259	6	33	0	0.0000
1260	6	11	2	0.5744
1261	6	20	5	0.4706
1262	6	16	1	0.5914
1263	6	15	7	0.4794
1264	5	15	4	0.5834
1265	5	16	13	0.4062
1266	7	14	4	0.4466
1267	7	12	3	0.5624
1268	6	30	0	0.0440
1269	5	10	9	0.3495
1270	6	22	2	0.5342
1271	6	11	2	0.7141
1272	7	26	3	0.4536
1273	6	23	0	0.2789
1274	7	14	5	0.5270
1275	15	13	1	0.5721
1276	6	26	3	0.4376
1277	6	30	3	0.4693
1278	6	22	3	0.4502
1279	5	13	4	0.5295
1280	6	20	6	0.4347
1281	7	15	5	0.4607
1282	10	19	3	0.5351
1283	6	21	4	0.5446
1284	6	40	1	0.2150
1285	6	20	4	0.5104
1286	6	28	2	0.4084
1287	13	14	2	0.5615
1288	6	33	1	0.3312
1289	6	33	1	0.3860
1290	10	19	7	0.4824
1291	8	17	3	0.6024
1292	8	21	3	0.5291
1293	6	26	0	0.1501
1294	6	19	2	0.5500
1295	7	25	0	0.2698
1296	7	15	2	0.4633
1297	7	15	3	0.5793
1298	5	10	7	0.4902
1299	6	16	6	0.4943
1300	7	20	3	0.5029
1301	6	35	1	0.3876
1302	6	15	4	0.5686
1303	7	15	4	0.4913
1304	6	32	0	0.0000
1305	7	14	3	0.5456
1306	7	11	4	0.5672
1307	6	38	0	0.0000
1308	6	34	1	0.3810
1309	7	18	3	0.4693
1310	6	21	5	0.4856
1311	6	24	4	0.5717
1312	7	12	7	0.4095
1313	6	33	0	0.3530
1314	6	19	3	0.5246
1315	10	13	5	0.4426
1316	7	18	2	0.5360
1317	7	18	3	0.5191
1318	7	19	3	0.5803
1319	6	20	5	0.5379
1320	7	17	9	0.3718
1321	6	16	6	0.4786
1322	10	12	4	0.5934
1323	9	11	2	0.5742
1324	6	23	5	0.4371
1325	7	13	2	0.5720
1326	7	22	2	0.5326
1327	6	12	2	0.5263
1328	6	34	0	0.2611
1329	7	35	0	0.0000
1330	7	25	3	0.4896
1331	10	13	2	0.6182
1332	6	22	3	0.4548
1333	6	17	2	0.5178
1334	7	17	2	0.5611
1335	6	11	4	0.5841
1336	5	15	4	0.5276
1337	5	14	5	0.5299
1338	6	21	0	0.0000
1339	6	30	2	0.4679
1340	6	19	2	0.5101
1341	6	41	0	0.0221
1342	6	32	3	0.4630
1343	12	14	3	0.5109
1344	6	27	0	0.3061
1345	5	16	1	0.5077
1346	8	15	5	0.4199
1347	7	11	4	0.6178
1348	6	21	4	0.5190
1349	6	12	3	0.5691
1350	6	17	2	0.5777
1351	6	27	2	0.5135
1352	6	32	0	0.0000
1353	6	25	3	0.4633
1354	7	20	2	0.4820
1355	6	18	6	0.4764
1356	6	18	3	0.5039
1357	7	13	3	0.5331
1358	8	19	4	0.4928
1359	7	25	0	0.4171
1360	10	15	0	0.5663
1361	7	12	5	0.4244
1362	8	16	2	0.5444
1363	5	10	2	0.6087
1364	6	18	3	0.5685
1365	6	14	2	0.4940
1366	8	18	2	0.5094
1367	6	29	0	0.3164
1368	8	18	1	0.5354
1369	6	15	4	0.4989
1370	5	17	4	0.5806
1371	6	14	5	0.5153
1372	7	25	5	0.4311
1373	6	25	2	0.4330
1374	6	16	3	0.5899
1375	6	9	2	0.5068
1376	7	18	5	0.5090
1377	7	17	4	0.5927
1378	7	24	1	0.3785
1379	6	14	2	0.5409
1380	6	13	3	0.4984
1381	7	16	3	0.5767
1382	6	11	4	0.5517
1383	6	16	4	0.5256
1384	7	16	7	0.5393
1385	34	18	0	0.6783
1386	6	25	0	0.3443
1387	6	26	0	0.2808
1388	6	14	2	0.4982
1389	7	13	6	0.4733
1390	8	17	2	0.5995
1391	8	15	4	0.5958
1392	6	15	5	0.5698
1393	6	33	0	0.2145
1394	6	15	6	0.5081
1395	6	27	1	0.4150
1396	7	16	2	0.5326
1397	6	51	0	0.0000
1398	6	40	0	0.2461
1399	7	16	3	0.5198
1400	6	14	0	0.4005
1401	6	37	0	0.1772
1402	7	14	6	0.4913
1403	6	23	3	0.5377
1404	6	18	6	0.5009
1405	6	13	2	0.5846
1406	6	16	7	0.3935
1407	6	20	1	0.5021
1408	9	17	2	0.5636
1409	6	11	4	0.5983
1410	6	22	2	0.5482
1411	6	32	0	0.3218
1412	5	20	6	0.4867
1413	7	20	4	0.4187
1414	6	34	2	0.3572
1415	7	21	5	0.4501
1416	8	27	1	0.4496
1417	6	20	0	0.0000
1418	15	21	2	0.6165
1419	7	13	3	0.5324
1420	15	12	1	0.6929
1421	6	15	8	0.3710
1422	7	16	3	0.5376
1423	20	12	4	0.5492
1424	6	15	4	0.5790
1425	7	15	5	0.5144
1426	6	21	3	0.4995
1427	6	36	1	0.3222
1428	6	16	5	0.4629
1429	6	27	1	0.3646
1430	9	14	5	0.5065
1431	6	18	1	0.4857
1432	5	11	5	0.6062
1433	6	11	3	0.4957
1434	6	42	0	0.0000
1435	6	16	0	0.0000
1436	5	9	2	0.6381
1437	6	28	1	0.4286
1438	7	26	2	0.4645
1439	6	12	11	0.4339
1440	7	9	4	0.5490
1441	7	17	3	0.5691
1442	6	17	5	0.5274
1443	6	30	1	0.3677
1444	7	10	8	0.4563
1445	10	13	1	0.6143
1446	5	23	5	0.4939
1447	6	39	0	0.1278
1448	6	28	1	0.3825
1449	6	31	0	0.1533
1450	6	24	5	0.4627
1451	6	33	0	0.1821
1452	7	21	3	0.5231
1453	6	31	1	0.2667
1454	7	12	0	0.5060
1455	6	15	9	0.4616
1456	6	32	4	0.4607
1457	6	25	4	0.4290
1458	7	13	9	0.4397
1459	6	20	5	0.5081
1460	6	25	2	0.4919
1461	6	24	1	0.4377
1462	7	14	3	0.5626
1463	6	25	2	0.4770
1464	6	14	3	0.5999
1465	6	31	1	0.3078
1466	5	12	8	0.4309
1467	6	21	3	0.4995
1468	8	33	1	0.3892
1469	6	16	5	0.4629
1470	6	13	5	0.4388
1471	6	48	0	0.1660
1472	6	18	1	0.4857
1473	5	11	5	0.6062
1474	6	15	5	0.5698
1475	50	0	0	NaN
1476	6	15	6	0.5081
1477	6	43	1	0.3128
1478	7	20	2	0.5435
1479	50	24	5	0.5293
1480	7	18	2	0.4948
1481	7	8	3	0.4957
1482	6	14	0	0.4005
1483	6	17	1	0.5451
1484	7	9	4	0.5213
1485	6	31	0	0.2652
1486	6	22	4	0.4726
1487	5	23	5	0.4939
1488	6	36	0	0.2347
1489	7	19	1	0.5533
1490	6	11	3	0.5590
1491	8	21	3	0.4638
1492	13	15	0	0.4897
1493	8	15	2	0.5187
1494	6	20	4	0.4960
1495	6	18	3	0.4918
1496	6	16	2	0.5381
1497	6	40	2	0.3542
1498	6	9	5	0.3410
1499	6	23	1	0.4461
1500	7	27	0	0.1654
1501	6	31	0	0.3120
1502	8	10	4	0.5226
1503	8	14	3	0.5772
1504	5	21	2	0.4302
1505	10	12	6	0.4396
1506	6	29	1	0.3170
1507	7	41	0	0.2526
1508	7	39	0	0.2735
1509	5	18	5	0.5243
1510	7	26	3	0.4211
1511	6	20	3	0.5826
1512	6	45	0	0.0000
1513	7	25	3	0.5407
1514	7	13	10	0.4487
1515	6	13	4	0.4855
1516	6	14	2	0.5801
1517	6	11	3	0.5791
1518	6	38	1	0.3227
1519	7	14	2	0.5542
1520	6	14	2	0.4894
1521	7	16	5	0.4923
1522	6	21	0	0.4108
1523	6	39	0	0.0000
1524	6	19	1	0.4225
1525	7	12	2	0.6416
1526	8	8	2	0.7066
1527	8	17	3	0.5728
1528	6	21	4	0.4429
1529	7	37	0	0.2387
1530	6	19	3	0.5464
1531	7	20	2	0.5036
1532	8	17	2	0.6226
1533	7	35	0	0.1706
1534	6	26	2	0.4527
1535	6	17	4	0.5065
1536	7	16	2	0.6124
1537	50	19	2	0.5418
1538	9	18	3	0.5253
1539	7	17	1	0.5829
1540	8	11	1	0.5105
1541	6	18	3	0.5139
1542	6	15	5	0.4063
1543	6	32	0	0.0000
1544	6	47	0	0.2067
1545	6	20	5	0.5894
1546	6	23	5	0.4804
1547	6	47	0	0.1410
1548	6	54	0	0.1396
1549	8	16	3	0.5166
1550	6	35	1	0.2930
1551	6	14	3	0.5264
1552	6	24	2	0.4804
1553	5	10	6	0.5420
1554	8	21	1	0.4485
1555	6	22	3	0.5174
1556	6	26	0	0.2532
1557	6	20	4	0.5029
1558	7	13	3	0.4883
1559	6	17	2	0.5716
1560	6	29	2	0.4627
1561	6	44	0	0.0587
1562	6	19	1	0.4653
1563	6	18	4	0.6119
1564	8	17	4	0.5168
1565	7	23	2	0.4293
1566	7	15	0	0.5107
1567	6	11	5	0.4935
1568	7	7	2	0.5341
1569	8	9	5	0.4455
1570	6	30	1	0.3221
1571	6	32	0	0.2453
1572	6	19	1	0.5388
1573	5	9	4	0.6260
1574	7	10	2	0.6293
1575	6	16	4	0.5556
1576	6	14	2	0.5571
1577	7	22	3	0.4437
1578	10	10	2	0.6393
1579	8	19	2	0.5780
1580	10	9	5	0.4198
1581	6	40	0	0.0245
1582	6	24	4	0.4613
1583	6	66	0	0.0000
1584	34	17	0	0.5836
1585	7	12	10	0.4022
1586	9	22	11	0.4164
1587	6	27	1	0.4859
1588	7	19	0	0.2548
1589	12	12	1	0.6865
1590	6	17	3	0.5517
1591	6	22	3	0.4544
1592	6	19	5	0.5095
1593	6	29	1	0.3793
1594	6	15	4	0.5006
1595	13	11	3	0.6076
1596	6	26	1	0.4499
1597	6	27	2	0.5135
1598	9	12	2	0.6037
1599	6	18	9	0.4726
1600	7	15	3	0.5748
1601	34	19	5	0.4717
1602	6	25	4	0.4898
1603	8	14	3	0.5718
1604	6	26	3	0.4568
1605	6	31	0	0.2285
1606	7	19	2	0.5698
1607	6	37	0	0.1883
1608	7	26	0	0.3317
1609	6	24	4	0.4878
1610	6	30	5	0.4499
1611	6	15	3	0.6335
1612	10	18	4	0.4991
1613	5	20	6	0.4644
1614	8	14	4	0.5263
1615	6	15	4	0.5654
1616	7	13	11	0.4341
1617	8	16	3	0.4807
1618	5	13	4	0.5572
1619	10	10	2	0.6393
1620	6	15	4	0.5829
1621	6	21	8	0.4695
1622	7	17	6	0.5473
1623	7	15	2	0.6145
1624	6	28	0	0.0211
1625	8	19	6	0.4780
1626	6	19	0	0.0240
1627	7	15	1	0.6127
1628	17	12	2	0.5217
1629	6	31	0	0.0000
1630	6	19	3	0.5545
1631	8	12	1	0.5336
1632	6	14	3	0.5856
1633	6	21	4	0.4764
1634	6	28	1	0.3233
1635	6	31	0	0.2478
1636	7	14	6	0.4882
1637	6	21	4	0.5017
1638	8	14	4	0.5029
1639	6	29	0	0.2776
1640	7	15	2	0.5396
1641	6	14	5	0.4185
1642	6	17	4	0.4702
1643	7	18	3	0.5531
1644	7	17	3	0.5637
1645	7	28	3	0.4996
1646	6	15	3	0.5344
1647	6	20	1	0.5249
1648	50	10	0	0.5484
1649	6	27	0	0.2211
1650	7	21	2	0.5622
1651	6	24	2	0.4645
1652	6	21	1	0.5350
1653	7	11	5	0.4409
1654	7	30	1	0.4314
1655	6	43	0	0.2895
1656	7	11	1	0.6115
1657	6	43	0	0.0000
1658	6	48	0	0.0000
1659	10	15	2	0.6691
1660	7	19	4	0.5055
1661	7	4	5	0.2323
1662	6	25	1	0.1147
1663	6	21	0	0.3027
1664	6	15	4	0.5405
1665	6	14	3	0.4734
1666	6	15	6	0.4518
1667	6	24	2	0.4966
1668	6	19	0	0.2884
1669	6	12	2	0.6199
1670	6	13	2	0.6323
1671	8	14	2	0.6206
1672	9	19	4	0.4884
1673	6	10	3	0.5424
1674	7	11	4	0.5368
1675	6	21	1	0.4981
1676	6	33	0	0.0000
1677	7	17	5	0.4039
1678	6	14	6	0.5627
1679	6	33	0	0.2468
1680	6	32	0	0.3330
1681	6	12	5	0.4885
1682	9	15	1	0.5116
1683	9	16	2	0.5895
1684	6	26	2	0.4849
1685	6	9	4	0.5169
1686	7	12	3	0.6133
1687	6	27	0	0.0000
1688	6	30	0	0.2629
1689	6	25	3	0.3928
1690	6	63	0	0.0000
1691	8	20	4	0.4743
1692	6	26	1	0.3245
1693	6	23	5	0.4371
1694	5	16	4	0.4051
1695	6	15	3	0.6042
1696	6	14	4	0.5868
1697	8	11	2	0.6338
1698	7	23	4	0.5272
1699	8	13	2	0.5724
1700	8	15	3	0.5504
1701	8	19	4	0.5398
1702	7	15	2	0.6511
1703	6	15	4	0.4750
1704	50	24	2	0.5700
1705	6	22	3	0.5788
1706	8	19	4	0.4924
1707	6	16	2	0.4957
1708	6	28	0	0.0000
1709	5	12	3	0.5505
1710	6	13	4	0.5832
1711	7	17	4	0.5913
1712	5	17	6	0.4985
1713	6	22	1	0.4695
1714	7	15	4	0.5344
1715	7	16	4	0.4849
1716	5	14	8	0.4963
1717	7	16	2	0.4485
1718	7	27	9	0.4170
1719	6	16	8	0.4357
1720	6	24	5	0.5139
1721	7	12	3	0.5768
1722	7	8	1	0.6432
1723	7	18	1	0.5950
1724	6	12	3	0.4700
1725	7	22	1	0.4529
1726	8	12	14	0.3363
1727	6	32	0	0.1626
1728	6	29	4	0.4631
1729	7	15	1	0.4852
1730	6	25	3	0.3928
1731	6	63	0	0.0000
1732	6	36	1	0.3911
1733	6	15	3	0.5448
1734	6	15	3	0.5272
1735	6	38	0	0.2133
1736	6	16	2	0.5928
1737	50	34	0	0.6200
1738	6	33	0	0.3401
1739	6	16	5	0.5511
1740	6	36	1	0.2444
1741	6	24	2	0.4795
1742	6	20	2	0.5117
1743	6	10	6	0.5078
1744	6	43	0	0.0248
1745	6	19	4	0.5419
1746	6	15	2	0.5670
1747	6	13	5	0.5046
1748	7	10	0	0.5395
1749	6	19	3	0.5010
1750	8	14	1	0.5021
1751	6	22	2	0.4753
1752	7	19	3	0.5046
1753	6	44	0	0.2000
1754	7	25	4	0.4749
1755	7	28	0	0.4151
1756	6	43	0	0.1088
1757	6	23	3	0.5052
1758	7	16	2	0.4485
1759	6	35	0	0.2945
1760	6	16	8	0.4357
1761	6	18	4	0.6248
1762	6	17	3	0.5571
1763	5	16	5	0.5403
1764	10	12	4	0.5990
1765	6	28	0	0.3339
1766	5	23	5	0.5076
1767	8	12	3	0.6825
1768	6	14	1	0.5416
1769	6	25	5	0.4576
1770	10	11	1	0.6050
1771	7	12	2	0.5937
1772	6	39	0	0.3666
1773	6	46	0	0.0000
1774	50	10	0	0.6309
1775	8	8	6	0.4300
1776	6	33	0	0.0000
1777	6	16	2	0.5928
1778	7	27	1	0.4543
1779	6	20	1	0.4158
1780	6	18	5	0.5303
1781	6	18	2	0.5512
1782	6	24	2	0.4795
1783	7	17	4	0.4925
1784	6	24	0	0.3409
1785	6	14	4	0.5105
1786	50	24	2	0.5700
1787	6	27	4	0.4435
1788	6	17	2	0.4727
1789	6	15	4	0.4808
1790	50	16	3	0.4172
1791	6	18	4	0.5214
1792	6	22	2	0.4753
1793	7	12	6	0.5500
1794	6	22	7	0.4622
1795	6	22	1	0.4695
1796	6	15	5	0.5889
1797	7	16	4	0.4849
1798	6	12	3	0.5124
1799	7	16	2	0.4485
1800	6	19	6	0.4699
1801	7	13	3	0.5854
1802	6	27	1	0.2717
1803	7	15	3	0.6068
1804	6	17	4	0.5901
1805	7	23	4	0.4989
1806	6	45	0	0.0670
1807	8	15	1	0.5589
1808	6	13	4	0.5762
1809	7	22	4	0.5359
1810	6	35	0	0.2629
1811	7	15	1	0.4852
1812	9	21	1	0.5775
1813	6	32	5	0.4519
1814	7	15	1	0.5492
1815	6	52	0	0.0000
1816	8	8	6	0.4300
1817	7	13	2	0.5720
1818	6	13	6	0.4900
1819	6	12	2	0.5263
1820	6	20	1	0.4158
1821	6	18	5	0.5303
1822	20	13	2	0.5452
1823	8	15	3	0.5504
1824	8	19	4	0.5398
1825	6	24	0	0.3409
1826	6	14	4	0.5105
1827	7	19	7	0.4014
1828	6	28	3	0.4496
1829	6	14	7	0.3806
1830	6	10	2	0.6372
1831	6	14	5	0.4667
1832	6	14	7	0.4755
1833	6	22	2	0.4753
1834	7	14	2	0.5842
1835	10	15	2	0.5514
1836	6	18	5	0.4765
1837	6	15	5	0.5889
1838	20	12	0	0.6931
1839	7	21	4	0.4892
1840	6	15	3	0.4651
1841	6	20	3	0.4697
1842	7	23	6	0.4814
1843	7	19	5	0.5225
1844	6	17	3	0.5571
1845	25	17	6	0.4317
1846	7	14	2	0.5327
1847	6	12	3	0.4700
1848	8	13	2	0.5704
1849	6	33	0	0.0000
1850	7	22	4	0.5359
1851	6	19	2	0.5318
1852	7	51	0	0.1560
1853	7	16	6	0.4954
1854	9	11	2	0.5031
1855	6	17	3	0.6673
1856	7	21	4	0.4249
1857	6	23	5	0.4371
1858	5	16	4	0.4051
1859	6	16	2	0.5928
1860	50	34	0	0.6200
1861	7	14	2	0.6096
1862	9	13	5	0.4955
1863	20	13	2	0.5452
1864	7	13	2	0.5551
1865	7	28	1	0.4085
1866	12	17	1	0.6299
1867	7	27	2	0.4812
1868	6	57	1	0.3121
1869	8	16	5	0.4683
1870	7	21	2	0.5536
1871	6	16	2	0.4957
1872	7	14	4	0.5514
1873	8	15	3	0.5005
1874	6	20	4	0.5291
1875	9	13	3	0.5331
1876	10	15	2	0.5514
1877	6	20	1	0.4291
1878	7	13	3	0.5217
1879	6	23	0	0.0409
1880	6	13	3	0.5554
1881	6	27	5	0.4415
1882	6	19	6	0.4699
1883	7	13	3	0.5854
1884	6	18	4	0.6248
1885	7	23	3	0.5264
1886	7	8	1	0.6432
1887	6	26	2	0.4303
1888	8	9	1	0.4717
1889	6	12	6	0.3780
1890	8	19	1	0.5414
1891	6	25	3	0.4599
1892	6	29	4	0.4631
1893	6	11	2	0.6279
1894	9	21	1	0.5775
1895	6	28	2	0.5038
1896	7	18	0	0.3779
1897	6	14	2	0.5852
1898	6	40	2	0.3626
1899	6	33	0	0.0000
1900	6	16	9	0.4319
1901	50	34	0	0.6200
1902	8	11	2	0.6338
1903	6	18	5	0.5303
1904	6	18	2	0.5512
1905	7	18	2	0.5178
1906	7	20	1	0.4913
1907	6	14	4	0.5539
1908	6	43	0	0.1296
1909	6	16	4	0.5159
1910	6	46	0	0.0000
1911	6	23	5	0.3973
1912	6	16	4	0.5170
1913	6	15	0	0.0000
1914	7	15	5	0.4624
1915	6	28	0	0.2782
1916	7	17	4	0.5913
1917	5	17	6	0.4985
1918	6	22	1	0.4695
1919	6	15	5	0.5889
1920	7	16	4	0.4849
1921	5	14	8	0.4963
1922	7	16	2	0.4485
1923	6	26	4	0.5198
1924	6	20	3	0.5235
1925	25	19	1	0.5497
1926	6	17	3	0.5571
1927	6	16	5	0.5575
1928	10	12	4	0.5990
1929	7	19	5	0.4607
1930	6	17	6	0.4787
1931	6	34	0	0.2317
1932	6	18	6	0.4570
1933	7	21	1	0.4745
1934	6	29	1	0.3670
1935	9	21	1	0.5775
1936	6	63	0	0.0000
1937	6	23	3	0.4530
1938	7	21	4	0.4249
1939	7	15	2	0.5521
1940	5	16	4	0.4051
1941	6	15	3	0.6042
1942	7	27	1	0.4543
1943	7	14	3	0.6069
1944	5	18	7	0.5078
1945	8	20	3	0.4719
1946	6	24	5	0.5262
1947	6	14	2	0.5018
1948	6	31	2	0.4290
1949	6	43	0	0.0248
1950	6	19	4	0.5419
1951	6	28	0	0.4518
1952	6	13	5	0.5046
1953	7	10	0	0.5395
1954	6	32	1	0.3708
1955	6	21	2	0.4630
1956	6	17	2	0.4573
1957	7	12	4	0.3927
1958	6	11	1	0.5684
1959	6	12	2	0.5213
1960	7	13	3	0.5217
1961	6	23	0	0.0409
1962	6	13	3	0.5554
1963	7	7	2	0.4919
1964	6	11	4	0.4833
1965	13	12	2	0.6309
1966	6	14	3	0.5415
1967	6	37	2	0.3759
1968	7	29	0	0.0791
1969	6	11	2	0.5461
1970	6	6	1	0.6029
1971	8	21	5	0.4421
1972	7	26	1	0.4888
1973	5	14	7	0.4607
1974	6	23	1	0.4083
1975	6	13	2	0.5851
1976	7	20	1	0.4919
1977	6	42	0	0.2207
1978	6	16	2	0.6024
1979	6	18	1	0.5437
1980	12	17	7	0.4048
1981	6	21	3	0.5784
1982	6	12	2	0.6042
1983	6	31	0	0.0000
1984	9	18	3	0.5058
1985	7	12	2	0.5153
1986	6	22	6	0.4546
1987	6	36	0	0.0246
1988	6	14	3	0.4881
1989	5	11	5	0.6227
1990	6	44	0	0.1590
1991	6	18	2	0.4815
1992	10	11	2	0.5355
1993	7	14	5	0.4572
1994	6	30	1	0.3264
1995	8	16	5	0.5519
1996	6	19	3	0.5171
1997	6	23	2	0.4641
1998	7	11	3	0.5375
1999	6	24	2	0.4770
2000	7	14	6	0.4999
2001	6	44	0	0.0448
2002	20	17	2	0.6447
2003	7	13	4	0.5302
2004	6	23	4	0.5202
2005	6	10	1	0.3700
2006	6	13	5	0.5250
2007	6	23	1	0.2693
2008	6	35	0	0.3085
2009	6	51	0	0.0000
2010	6	10	3	0.6147
2011	6	33	3	0.4723
2012	6	25	1	0.4972
2013	7	20	5	0.5364
2014	6	10	1	0.6252
2015	7	17	1	0.5304
2016	7	17	4	0.5126
2017	6	15	13	0.3590
2018	6	17	3	0.5384
2019	6	19	2	0.4946
2020	8	20	2	0.4759
2021	6	10	3	0.4348
2022	7	20	2	0.4757
2023	6	22	0	0.1678
2024	6	26	1	0.5063
2025	6	23	2	0.4391
2026	6	19	3	0.5389
2027	6	17	3	0.5230
2028	6	18	4	0.5767
2029	6	13	2	0.5768
2030	8	21	3	0.5291
2031	6	26	0	0.1501
2032	6	19	2	0.5500
2033	5	12	5	0.5961
2034	6	35	0	0.0000
2035	7	15	3	0.5793
2036	8	17	2	0.6468
2037	6	13	3	0.5249
2038	6	29	4	0.4533
2039	5	15	6	0.5098
2040	6	36	0	0.1263
2041	5	13	6	0.4838
2042	5	17	5	0.5852
2043	6	18	2	0.5866
2044	5	18	7	0.4439
2045	6	13	2	0.5822
2046	6	17	3	0.5294
2047	6	23	2	0.5195
2048	6	48	0	0.1201
2049	6	16	3	0.5400
2050	7	12	7	0.4095
2051	6	17	2	0.5177
2052	6	19	6	0.4761
2053	7	17	6	0.4849
2054	7	18	2	0.5360
2055	6	18	2	0.5607
2056	6	19	3	0.4813
2057	6	35	1	0.1441
2058	6	14	3	0.5869
2059	6	34	2	0.3885
2060	7	18	4	0.5352
2061	6	16	7	0.4634
2062	6	20	4	0.5132
2063	6	9	2	0.6883
2064	6	11	5	0.4374
2065	7	13	4	0.5777
2066	9	20	4	0.5689
2067	6	14	4	0.5092
2068	7	12	2	0.4781
2069	7	11	3	0.6296
2070	6	23	2	0.4893
2071	6	21	2	0.5727
2072	6	22	2	0.4875
2073	6	27	0	0.2673
2074	6	43	0	0.0209
2075	6	24	1	0.4166
2076	7	16	4	0.3719
2077	8	16	5	0.5519
2078	6	49	0	0.0000
2079	7	30	1	0.3173
2080	6	15	4	0.5846
2081	6	24	2	0.4770
2082	6	22	6	0.5094
2083	7	18	3	0.4306
2084	7	15	1	0.6259
2085	5	18	4	0.5211
2086	8	17	2	0.5535
2087	6	10	1	0.3700
2088	6	16	4	0.5742
2089	10	15	3	0.5892
2090	5	22	11	0.4359
2091	6	16	3	0.5588
2092	7	23	4	0.4550
2093	6	36	1	0.4077
2094	6	16	4	0.5104
2095	7	26	1	0.4888
2096	6	22	3	0.5595
2097	6	13	1	0.6048
2098	6	17	1	0.4922
2099	7	11	4	0.4984
2100	25	19	1	0.5907
2101	7	24	2	0.4661
2102	7	13	3	0.3580
2103	6	27	0	0.1205
2104	6	9	2	0.6883
2105	6	32	0	0.3591
2106	6	16	4	0.5437
2107	6	19	8	0.3809
2108	6	19	2	0.4804
2109	6	18	5	0.4850
2110	7	14	2	0.5192
2111	6	15	5	0.4751
2112	6	33	0	0.2799
2113	6	22	5	0.5018
2114	6	17	2	0.5147
2115	6	22	1	0.4815
2116	7	13	6	0.4442
2117	6	12	4	0.4818
2118	5	17	4	0.5528
2119	6	23	1	0.2837
2120	6	17	4	0.4398
2121	6	24	2	0.4862
2122	6	36	0	0.0330
2123	6	20	3	0.5068
2124	6	23	2	0.4855
2125	7	20	2	0.4868
2126	6	25	3	0.5025
2127	6	24	5	0.4618
2128	10	15	0	0.5691
2129	13	12	2	0.6309
2130	7	16	2	0.4652
2131	10	16	3	0.4959
2132	7	19	6	0.5236
2133	6	27	1	0.4421
2134	6	23	0	0.3167
2135	6	30	1	0.4407
2136	6	15	4	0.5254
2137	5	14	7	0.4607
2138	6	25	0	0.2787
2139	6	20	5	0.4833
2140	6	28	6	0.4328
2141	6	24	0	0.1570
2142	5	16	8	0.5245
2143	5	13	4	0.6189
2144	6	19	6	0.5233
2145	50	7	0	0.5329
2146	6	23	2	0.5074
2147	6	46	0	0.1633
2148	8	15	3	0.5406
2149	50	5	0	0.4878
2150	6	18	6	0.4305
2151	8	13	2	0.6433
2152	6	18	1	0.4970
2153	6	21	2	0.5727
2154	7	16	6	0.4999
2155	6	12	5	0.5367
2156	7	16	2	0.5216
2157	5	14	4	0.4907
2158	6	12	2	0.5366
2159	6	10	6	0.3581
2160	6	23	1	0.4571
2161	5	10	4	0.5199
2162	7	25	1	0.4947
2163	6	16	6	0.4837
2164	6	20	3	0.5068
2165	7	17	3	0.5500
2166	6	24	5	0.4003
2167	7	19	2	0.4940
2168	7	13	5	0.4327
2169	6	20	3	0.5461
2170	6	10	3	0.4659
2171	6	23	1	0.4803
2172	6	13	6	0.4855
2173	6	37	0	0.3390
2174	6	68	0	0.0000
2175	6	14	5	0.6132
2176	6	54	0	0.2155
2177	6	15	7	0.3985
2178	7	22	5	0.4698
2179	6	12	4	0.5178
2180	6	20	5	0.4833
2181	5	16	8	0.4461
2182	6	24	0	0.1570
2183	6	21	1	0.4364
2184	10	15	2	0.5977
2185	6	19	6	0.5233
2186	6	20	5	0.4918
2187	7	22	1	0.4790
2188	5	16	6	0.5812
2189	6	19	8	0.3809
2190	8	17	5	0.4557
2191	6	22	6	0.4546
2192	7	40	0	0.2590
2193	10	10	3	0.5608
2194	6	10	5	0.6196
2195	6	44	0	0.1590
2196	6	23	4	0.3862
2197	6	19	6	0.5211
2198	6	13	4	0.5641
2199	6	13	1	0.6087
2200	9	13	3	0.4465
2201	6	19	1	0.4723
2202	6	33	1	0.4036
2203	6	14	6	0.4369
2204	7	22	4	0.4258
2205	6	16	3	0.5028
2206	15	17	2	0.6163
2207	6	43	1	0.4180
2208	50	14	1	0.6992
2209	6	24	5	0.4618
2210	5	19	7	0.5213
2211	6	20	1	0.4804
2212	6	12	4	0.5946
2213	6	28	5	0.4492
2214	6	20	0	0.1013
2215	6	48	0	0.0000
2216	7	30	4	0.4410
2217	6	37	1	0.0654
2218	7	13	2	0.5513
2219	6	21	3	0.5934
2220	6	16	4	0.5013
2221	6	20	6	0.6086
2222	7	20	3	0.5889
2223	9	11	2	0.5031
2224	7	18	2	0.5362
2225	7	15	3	0.5700
2226	6	23	5	0.4371
2227	5	16	4	0.4051
2228	6	16	2	0.5928
2229	7	27	1	0.4543
2230	6	25	3	0.4898
2231	5	18	7	0.5078
2232	6	18	2	0.5512
2233	7	16	2	0.4995
2234	7	20	1	0.5008
2235	5	13	3	0.5292
2236	6	19	1	0.4023
2237	7	10	2	0.6184
2238	6	30	0	0.3008
2239	7	12	1	0.5045
2240	6	15	4	0.4808
2241	6	15	0	0.0000
2242	5	6	1	0.6195
2243	6	13	4	0.5832
2244	6	21	2	0.4682
2245	6	20	2	0.5674
2246	6	22	1	0.4695
2247	6	15	5	0.5889
2248	5	14	4	0.6249
2249	6	22	0	0.2485
2250	6	15	3	0.4651
2251	6	26	4	0.5198
2252	7	20	2	0.5736
2253	6	18	4	0.6248
2254	7	23	3	0.5264
2255	6	23	1	0.4687
2256	7	14	2	0.5327
2257	6	17	5	0.5511
2258	6	18	6	0.4380
2259	7	32	1	0.4154
2260	6	22	2	0.5433
2261	6	33	0	0.1613
2262	7	10	6	0.5139
2263	7	9	5	0.4611
2264	10	19	5	0.5680
2265	7	15	1	0.5492
2266	5	19	8	0.4375
2267	6	12	3	0.5169
2268	6	20	2	0.4619
2269	6	16	3	0.5226
2270	6	12	2	0.5263
2271	8	14	3	0.5469
2272	8	14	2	0.5713
2273	5	16	6	0.4971
2274	7	14	8	0.4914
2275	7	13	4	0.5424
2276	6	14	3	0.5774
2277	7	15	2	0.5608
2278	6	48	0	0.0401
2279	6	30	0	0.3008
2280	6	17	2	0.4727
2281	6	39	0	0.0164
2282	7	22	0	0.4358
2283	6	18	4	0.5214
2284	6	22	2	0.4753
2285	7	15	6	0.4679
2286	6	44	0	0.2000
2287	7	18	4	0.4288
2288	6	23	3	0.4857
2289	6	16	3	0.5898
2290	6	22	0	0.2485
2291	5	12	7	0.5475
2292	6	32	2	0.4244
2293	6	42	0	0.2515
2294	6	15	5	0.5103
2295	7	21	1	0.4932
2296	6	17	8	0.4399
2297	8	13	2	0.6108
2298	7	11	3	0.4924
2299	6	31	2	0.3738
2300	6	22	2	0.5260
2301	6	19	1	0.4074
2302	5	19	7	0.4581
2303	10	11	2	0.6447
2304	7	32	0	0.0000
2305	6	20	1	0.5034
2306	5	16	5	0.4272
2307	6	17	3	0.6040
2308	7	12	3	0.5571
2309	6	20	3	0.5306
2310	6	15	5	0.4177
2311	6	38	0	0.0000
2312	8	14	3	0.5469
2313	8	14	2	0.5713
2314	5	16	6	0.4971
2315	5	10	7	0.5394
2316	6	16	2	0.6227
2317	13	14	3	0.5154
2318	10	12	3	0.5861
2319	6	37	1	0.3457
2320	6	19	1	0.4087
2321	6	19	3	0.5254
2322	6	15	3	0.5045
2323	6	17	3	0.5737
2324	7	27	0	0.3877
2325	6	26	5	0.3555
2326	6	14	0	0.3215
2327	6	10	3	0.5834
2328	8	16	3	0.5275
2329	6	10	3	0.5424
2330	7	11	4	0.5368
2331	7	22	3	0.4967
2332	6	32	0	0.0000
2333	8	20	4	0.4234
2334	7	14	3	0.6458
2335	6	44	0	0.0901
2336	6	18	2	0.6133
2337	6	17	8	0.4399
2338	8	13	2	0.6108
2339	7	11	3	0.4924
2340	6	26	2	0.4849
2341	6	29	1	0.4065
2342	6	14	1	0.5416
2343	10	16	3	0.6074
2344	6	27	1	0.4114
2345	7	12	2	0.5937
2346	7	17	3	0.5664
2347	6	46	0	0.0000
2348	5	10	2	0.4502
2349	6	12	3	0.5487
2350	6	20	3	0.5306
2351	6	15	4	0.5858
2352	5	11	3	0.5978
2353	6	34	0	0.2611
2354	6	17	4	0.4473
2355	6	14	7	0.4579
2356	7	14	8	0.4914
2357	12	11	3	0.6618
2358	5	13	3	0.5292
2359	7	15	2	0.5608
2360	7	10	2	0.6184
2361	6	30	0	0.3008
2362	7	13	2	0.5017
2363	7	13	2	0.5101
2364	6	15	2	0.4103
2365	10	10	3	0.5909
2366	6	17	2	0.4573
2367	6	47	0	0.1390
2368	7	17	1	0.4443
2369	7	18	4	0.4288
2370	6	21	1	0.4686
2371	7	21	5	0.4631
2372	6	26	2	0.4643
2373	8	15	6	0.4864
2374	8	14	3	0.5663
2375	6	20	3	0.5235
2376	25	19	1	0.5497
2377	6	17	3	0.5571
2378	7	8	1	0.6432
2379	7	14	2	0.5327
2380	5	17	6	0.5131
2381	6	18	6	0.4380
2382	6	13	5	0.5184
2383	6	23	3	0.5014
2384	6	33	0	0.1613
2385	6	30	0	0.2629
2386	7	13	2	0.5995
2387	5	20	7	0.5272
2388	6	55	0	0.0159
2389	5	19	8	0.4375
2390	8	8	6	0.4300
2391	7	13	2	0.5720
2392	6	17	3	0.5305
2393	6	29	2	0.4593
2394	7	28	0	0.4197
2395	6	15	2	0.6219
2396	5	16	6	0.4971
2397	7	16	6	0.4065
2398	6	9	3	0.5965
2399	8	13	2	0.6193
2400	8	18	5	0.5067
2401	6	13	4	0.4875
2402	7	30	1	0.4259
2403	6	19	4	0.5423
2404	6	24	1	0.3938
2405	6	17	3	0.5737
2406	8	18	1	0.4947
2407	7	18	2	0.4813
2408	6	14	0	0.3215
2409	6	9	0	0.6278
2410	6	25	4	0.5500
2411	6	31	0	0.0000
2412	6	19	0	0.4084
2413	6	29	1	0.4050
2414	7	13	3	0.5701
2415	10	15	6	0.5125
2416	6	10	3	0.6050
2417	7	19	5	0.5225
2418	7	12	3	0.5768
2419	6	15	2	0.5705
2420	7	14	2	0.5327
2421	7	31	0	0.3589
2422	6	18	6	0.4380
2423	7	32	1	0.4154
2424	6	18	6	0.4570
2425	6	16	3	0.5980
2426	7	18	3	0.5817
2427	5	16	7	0.4292
2428	7	18	3	0.5523
2429	6	11	3	0.4768
2430	6	37	1	0.4349
2431	6	22	1	0.5062
2432	6	18	4	0.5518
2433	6	15	5	0.4177
2434	6	38	0	0.0000
2435	7	27	2	0.4920
2436	6	17	4	0.4473
2437	6	14	7	0.4579
2438	6	23	0	0.2255
2439	7	13	4	0.5424
2440	8	13	3	0.5827
2441	7	15	3	0.5865
2442	6	48	0	0.0401
2443	6	15	2	0.5670
2444	6	17	8	0.3713
2445	7	13	3	0.5509
2446	7	21	1	0.4286
2447	5	11	4	0.5675
2448	6	16	3	0.6002
2449	5	16	6	0.4677
2450	6	10	3	0.5834
2451	9	19	4	0.4884
2452	6	10	3	0.5424
2453	6	14	2	0.6478
2454	6	13	3	0.5766
2455	6	33	2	0.4329
2456	6	18	3	0.5643
2457	6	20	4	0.5394
2458	7	12	4	0.4666
2459	6	48	0	0.0122
2460	6	15	8	0.3887
2461	6	14	1	0.6011
2462	7	15	4	0.6007
2463	8	11	3	0.5887
2464	8	17	2	0.4556
2465	7	15	3	0.6486
2466	6	16	3	0.5980
2467	6	12	0	0.2493
2468	7	21	3	0.5194
2469	6	28	2	0.5038
2470	6	55	0	0.0159
2471	5	19	8	0.4375
2472	6	12	3	0.5487
2473	6	20	3	0.5306
2474	6	15	4	0.5858
2475	6	38	0	0.0000
2476	7	28	0	0.4197
2477	6	9	3	0.5886
2478	5	9	2	0.5625
2479	6	24	5	0.5262
2480	6	14	2	0.5018
2481	8	13	3	0.5827
2482	7	15	2	0.5608
2483	6	43	0	0.2172
2484	6	30	0	0.3008
2485	6	17	2	0.4727
2486	6	39	0	0.0164
2487	6	19	3	0.5010
2488	6	10	2	0.5954
2489	6	22	2	0.4753
2490	7	12	4	0.3927
2491	7	22	3	0.4958
2492	6	17	4	0.4692
2493	6	31	0	0.0000
2494	5	13	2	0.5320
2495	6	23	3	0.5052
2496	5	12	7	0.5475
2497	7	12	3	0.5711
2498	6	33	0	0.0586
2499	6	16	5	0.6289
2500	6	17	3	0.5571
2501	6	23	1	0.4687
2502	10	12	4	0.5990
2503	7	15	4	0.6007
2504	6	19	8	0.3778
2505	6	22	2	0.5260
2506	6	14	1	0.5416
2507	8	17	1	0.5893
2508	10	11	2	0.6447
2509	7	21	2	0.4758
2510	7	18	1	0.5611
2511	6	18	3	0.5092
2512	6	46	0	0.0320
2513	7	22	3	0.5663
2514	6	19	2	0.5520
2515	6	27	0	0.1692
2516	7	34	0	0.2389
2517	6	26	4	0.4116
2518	6	21	6	0.4688
2519	7	25	3	0.4896
2520	5	14	4	0.6124
2521	5	11	5	0.5377
2522	6	24	0	0.0000
2523	6	9	3	0.5456
2524	6	21	3	0.5318
2525	7	16	3	0.4273
2526	6	14	3	0.4734
2527	6	14	2	0.5832
2528	6	19	3	0.4582
2529	7	32	0	0.4028
2530	6	12	2	0.6199
2531	6	13	2	0.6323
2532	6	10	3	0.5834
2533	7	17	2	0.5802
2534	5	14	5	0.5927
2535	6	13	3	0.4903
2536	6	12	9	0.4511
2537	6	24	2	0.5400
2538	6	18	8	0.4381
2539	6	8	3	0.5729
2540	6	13	3	0.5608
2541	10	13	3	0.5405
2542	8	19	3	0.5262
2543	6	16	6	0.5553
2544	6	15	3	0.5541
2545	8	16	3	0.6080
2546	6	45	0	0.2861
2547	6	47	0	0.0000
2548	7	14	1	0.4257
2549	34	20	0	0.6690
2550	50	10	0	0.5484
2551	6	18	5	0.5443
2552	6	14	4	0.5762
2553	6	17	5	0.5810
2554	6	16	4	0.5400
2555	7	26	0	0.3899
2556	7	24	0	0.4323
2557	6	13	7	0.5058
2558	6	24	0	0.2760
2559	6	29	1	0.3883
2560	6	23	2	0.4496
2561	7	16	3	0.4998
2562	6	13	3	0.5963
2563	6	31	0	0.3330
2564	10	19	1	0.5264
2565	9	14	3	0.6491
2566	6	19	7	0.5045
2567	6	23	2	0.5712
2568	6	15	6	0.5569
2569	6	20	2	0.4515
2570	8	14	2	0.5995
2571	6	27	2	0.4745
2572	6	18	3	0.4610
2573	6	18	3	0.5258
2574	6	25	3	0.5258
2575	7	13	3	0.5494
2576	6	23	1	0.4172
2577	6	14	3	0.4971
2578	6	14	3	0.6437
2579	6	24	3	0.4675
2580	6	11	2	0.6298
2581	6	17	4	0.4985
2582	7	14	4	0.5407
2583	6	19	10	0.4066
2584	6	16	5	0.4872
2585	6	17	4	0.5102
2586	6	34	2	0.3696
2587	6	16	3	0.5951
2588	7	26	1	0.3318
2589	6	31	0	0.2285
2590	6	27	0	0.1978
2591	6	15	2	0.5880
2592	7	16	2	0.5681
2593	6	12	3	0.5301
2594	6	40	0	0.0000
2595	10	16	3	0.6293
2596	6	20	3	0.6220
2597	5	20	6	0.4644
2598	8	14	4	0.5263
2599	6	15	4	0.5654
2600	6	31	0	0.2123
2601	7	21	0	0.1043
2602	6	16	1	0.5671
2603	6	16	0	0.0000
2604	6	43	0	0.0000
2605	6	19	4	0.5750
2606	6	23	1	0.4549
2607	6	29	3	0.4933
2608	6	27	1	0.3541
2609	6	21	0	0.2851
2610	7	21	5	0.4444
2611	6	21	1	0.5010
2612	6	18	4	0.5410
2613	6	13	4	0.5143
2614	9	14	3	0.5796
2615	6	22	5	0.4559
2616	6	14	3	0.5856
2617	7	18	2	0.5700
2618	7	19	4	0.4901
2619	6	23	5	0.4955
2620	6	12	3	0.5746
2621	6	17	2	0.5777
2622	7	20	4	0.4891
2623	8	20	3	0.4756
2624	6	20	1	0.4223
2625	12	3	7	0.2050
2626	6	29	1	0.4295
2627	6	20	3	0.5294
2628	25	17	3	0.5471
2629	6	23	3	0.4796
2630	6	33	2	0.4336
2631	7	27	1	0.4341
2632	8	18	4	0.6116
2633	7	26	0	0.3317
2634	6	14	1	0.4541
2635	6	16	3	0.5673
2636	5	16	7	0.4652
2637	6	17	5	0.5454
2638	6	19	6	0.4911
2639	7	17	3	0.5067
2640	6	24	3	0.4835
2641	6	9	2	0.4709
2642	6	25	0	0.0774
2643	8	16	2	0.6048
2644	8	9	5	0.4107
2645	6	14	3	0.6330
2646	7	28	1	0.4424
2647	6	18	3	0.5070
2648	6	18	5	0.5079
2649	6	15	3	0.4375
2650	6	19	6	0.4293
2651	7	29	0	0.3866
2652	6	14	4	0.6341
2653	6	40	0	0.3171
2654	7	18	2	0.5654
2655	6	33	1	0.3152
2656	6	18	3	0.6188
2657	5	14	6	0.4453
2658	10	15	5	0.5281
2659	6	27	0	0.2409
2660	7	17	5	0.4742
2661	6	39	0	0.0200
2662	6	13	4	0.5777
2663	6	28	4	0.4836
2664	7	16	3	0.5523
2665	6	24	4	0.4726
2666	7	20	2	0.4820
2667	6	21	3	0.4895
2668	6	17	4	0.5386
2669	6	17	3	0.6396
2670	6	12	4	0.5247
2671	8	14	3	0.5077
2672	6	18	4	0.5814
2673	8	15	1	0.4495
2674	7	9	1	0.6255
2675	7	30	3	0.4013
2676	6	30	2	0.4436
2677	6	30	1	0.3221
2678	6	32	0	0.2453
2679	6	19	1	0.5388
2680	6	32	1	0.3052
2681	6	15	12	0.4088
2682	8	10	5	0.4652
2683	7	18	3	0.5303
2684	7	13	3	0.5394
2685	7	13	2	0.5954
2686	7	17	4	0.5731
2687	6	23	4	0.4959
2688	6	41	0	0.0000
2689	7	17	2	0.5599
2690	6	15	5	0.4063
2691	6	36	3	0.4066
2692	7	17	2	0.5268
2693	7	26	2	0.5255
2694	7	15	1	0.4433
2695	6	32	0	0.3509
2696	6	12	3	0.5974
2697	6	24	0	0.1510
2698	6	35	1	0.2930
2699	6	13	8	0.5378
2700	7	20	1	0.5006
2701	7	13	2	0.5333
2702	8	21	1	0.4485
2703	6	31	2	0.3662
2704	7	9	6	0.4015
2705	5	21	3	0.5688
2706	6	3	0	0.3069
2707	7	20	2	0.4820
2708	6	13	3	0.5837
2709	10	16	1	0.6881
2710	6	17	3	0.6396
2711	6	18	4	0.6119
2712	7	19	3	0.5107
2713	8	11	3	0.5395
2714	8	15	1	0.4495
2715	6	19	1	0.4815
2716	8	18	2	0.5306
2717	7	12	3	0.5081
2718	6	12	3	0.5647
2719	7	14	5	0.4966
2720	7	16	5	0.4383
2721	8	12	3	0.5414
2722	7	11	3	0.5551
2723	6	21	3	0.5141
2724	7	7	5	0.3065
2725	6	18	2	0.5548
2726	6	15	2	0.5655
2727	6	13	6	0.4526
2728	6	10	5	0.5201
2729	8	11	1	0.5105
2730	6	19	3	0.5618
2731	6	14	1	0.5073
2732	6	8	2	0.5699
2733	50	17	3	0.5408
2734	6	37	0	0.0000
2735	6	23	5	0.4804
2736	6	47	0	0.1410
2737	7	15	5	0.4635
2738	7	26	3	0.4700
2739	8	12	1	0.4588
2740	10	15	5	0.5281
2741	6	4	0	0.2018
2742	6	33	0	0.0000
2743	5	9	5	0.4542
2744	6	13	4	0.5777
2745	6	31	0	0.2549
2746	50	30	2	0.5292
2747	6	24	4	0.4726
2748	9	14	5	0.4930
2749	7	20	1	0.5569
2750	7	21	0	0.0711
2751	8	14	4	0.3643
2752	7	20	2	0.5823
2753	6	31	0	0.2285
2754	7	19	2	0.5698
2755	6	24	1	0.4634
2756	7	16	3	0.5879
2757	6	38	1	0.3005
2758	5	14	8	0.4099
2759	6	27	1	0.3551
2760	7	15	3	0.5150
2761	6	16	6	0.4129
2762	8	14	6	0.5428
2763	6	34	0	0.0000
2764	7	13	11	0.4341
2765	7	18	0	0.1383
2766	7	36	0	0.1736
2767	6	47	0	0.1424
2768	6	16	3	0.4762
2769	6	15	5	0.5118
2770	6	21	3	0.5217
2771	7	18	3	0.5257
2772	6	27	1	0.4310
2773	6	19	6	0.4293
2774	6	30	0	0.2492
2775	7	16	2	0.5877
2776	6	13	6	0.4635
2777	6	12	4	0.5086
2778	6	12	3	0.5270
2779	6	22	5	0.4706
2780	6	20	3	0.4684
2781	6	36	1	0.3669
2782	6	18	3	0.6175
2783	7	18	5	0.4630
2784	6	17	3	0.5699
2785	6	22	2	0.4433
2786	6	44	0	0.0000
2787	6	32	0	0.0000
2788	6	24	4	0.4726
2789	6	21	5	0.4421
2790	10	11	2	0.5544
2791	6	18	2	0.5103
2792	6	20	2	0.6175
2793	6	11	3	0.5463
2794	6	16	6	0.4449
2795	6	24	4	0.4629
2796	7	32	1	0.3947
2797	6	11	6	0.4292
2798	6	10	4	0.6106
2799	50	19	1	0.6497
2800	7	17	3	0.5240
2801	6	19	2	0.5362
2802	6	30	0	0.0000
2803	6	28	0	0.3461
2804	7	10	2	0.6293
2805	8	19	4	0.5409
2806	8	14	5	0.4536
2807	7	29	0	0.3711
2808	6	13	4	0.5992
2809	9	18	3	0.5253
2810	7	17	1	0.5829
2811	6	12	2	0.6605
2812	5	18	10	0.4112
2813	6	19	0	0.0000
2814	6	8	2	0.5699
2815	50	17	3	0.5408
2816	6	39	0	0.2237
2817	13	14	3	0.6071
2818	6	21	5	0.5222
2819	6	18	3	0.5291
2820	6	29	2	0.4299
2821	6	16	3	0.5935
2822	7	12	6	0.4515
2823	6	16	3	0.6906
2824	6	32	0	0.2756
2825	12	16	2	0.6746
2826	8	29	0	0.1377
2827	8	19	3	0.5532
2828	6	20	4	0.4402
2829	6	18	4	0.4981
2830	6	23	4	0.5153
2831	6	13	7	0.4384
2832	7	14	6	0.4421
2833	7	16	6	0.4484
2834	8	19	4	0.4928
2835	6	13	3	0.6356
2836	6	25	1	0.4058
2837	7	13	3	0.6079
2838	6	22	5	0.4812
2839	20	11	0	0.7369
2840	6	17	2	0.6155
2841	7	37	0	0.2387
2842	6	19	3	0.5464
2843	6	30	0	0.0000
2844	6	24	2	0.5497
2845	6	33	1	0.3962
2846	6	22	4	0.4638
2847	6	55	0	0.0000
2848	5	18	7	0.4787
2849	6	24	5	0.4962
2850	7	32	1	0.4149
2851	15	13	2	0.5680
2852	6	13	2	0.5749
2853	6	25	0	0.3593
2854	6	22	2	0.4538
2855	6	27	0	0.0000
2856	6	15	4	0.5277
2857	7	11	2	0.6592
2858	6	34	0	0.0000
2859	6	15	5	0.4477
2860	8	14	1	0.5898
2861	6	24	0	0.1510
2862	6	37	0	0.0577
2863	9	19	1	0.5530
2864	6	17	2	0.5401
2865	9	14	2	0.5444
2866	6	15	3	0.5056
2867	6	31	2	0.3662
2868	6	26	0	0.2532
2869	6	25	1	0.4825
2870	7	13	3	0.4883
2871	6	26	0	0.0000
2872	6	18	6	0.4764
2873	6	20	3	0.5551
2874	6	30	0	0.0231
2875	7	13	4	0.3561
2876	7	13	4	0.4593
2877	6	17	4	0.4979
2878	6	20	2	0.5070
2879	7	17	4	0.5450
2880	10	17	1	0.5704
2881	6	21	3	0.5567
2882	7	17	3	0.5240
2883	6	19	1	0.4287
2884	6	21	0	0.4644
2885	6	15	7	0.4500
2886	6	21	0	0.2335
2887	6	26	2	0.4527
2888	6	15	3	0.5772
2889	6	18	2	0.5548
2890	10	13	5	0.4498
2891	9	18	3	0.5253
2892	7	14	3	0.5924
2893	6	16	4	0.4799
2894	6	18	3	0.5139
2895	6	16	3	0.5505
2896	6	8	2	0.5699
2897	50	17	3	0.5408
2898	6	37	0	0.0000
2899	6	34	3	0.4651
2900	6	12	3	0.6311
2901	6	54	0	0.1396
2902	7	26	3	0.4700
2903	6	35	1	0.2930
2904	6	23	5	0.4912
2905	6	38	2	0.3540
2906	7	13	2	0.5333
2907	5	36	12	0.4051
2908	6	28	2	0.4344
2909	7	30	1	0.4147
2910	6	20	4	0.4402
2911	6	22	0	0.0927
2912	7	12	4	0.5566
2913	6	16	3	0.5969
2914	6	22	4	0.5310
2915	6	16	6	0.5736
2916	7	17	3	0.5007
2917	6	23	0	0.0000
2918	7	16	4	0.5517
2919	7	12	2	0.6416
2920	6	13	3	0.4956
2921	6	24	4	0.4860
2922	6	13	2	0.5947
2923	5	15	2	0.5835
2924	6	15	5	0.4344
2925	6	20	3	0.5383
2926	6	22	4	0.4176
2927	6	19	7	0.5005
2928	6	11	4	0.3772
2929	6	23	0	0.3209
2930	6	19	2	0.4619
2931	6	20	3	0.5060
2932	7	31	0	0.1964
2933	7	18	3	0.5856
2934	7	15	2	0.6176
2935	6	16	5	0.5442
2936	6	24	0	0.3387
2937	5	22	6	0.5704
2938	6	28	0	0.2706
2939	10	16	1	0.6772
2940	6	8	1	0.6031
2941	7	12	3	0.5983
2942	6	36	0	0.0000
2943	7	13	2	0.5789
2944	5	18	5	0.5243
2945	6	16	4	0.5409
2946	6	20	3	0.5826
2947	6	41	0	0.0000
2948	7	18	1	0.4662
2949	6	24	4	0.4905
2950	5	14	2	0.5280
2951	50	25	2	0.5969
2952	6	18	2	0.5428
2953	6	15	5	0.5332
2954	7	27	1	0.5050
2955	6	12	4	0.5864
2956	7	21	3	0.4295
2957	6	30	1	0.3384
2958	6	14	3	0.5910
2959	7	15	2	0.5563
2960	5	15	3	0.4678
2961	6	30	1	0.3073
2962	6	20	0	0.1912
2963	6	20	1	0.5766
2964	7	18	3	0.5379
2965	7	17	7	0.5068
2966	6	12	5	0.5566
2967	7	12	2	0.5657
2968	6	19	7	0.5005
2969	12	13	1	0.5823
2970	6	14	5	0.5153
2971	6	19	2	0.4619
2972	6	20	3	0.5060
2973	8	20	2	0.4914
2974	6	25	3	0.5041
2975	6	27	1	0.3756
2976	6	15	6	0.4695
2977	7	13	1	0.5538
2978	6	17	3	0.4983
2979	7	15	4	0.5008
2980	7	16	1	0.5171
2981	6	13	6	0.4650
2982	6	20	0	0.0000
2983	6	26	5	0.4418
2984	7	39	0	0.2735
2985	5	18	5	0.5243
2986	6	28	3	0.5142
2987	5	22	5	0.4964
2988	7	17	0	0.2938
2989	6	21	5	0.4077
2990	6	20	2	0.4593
2991	6	27	6	0.4987
2992	6	37	0	0.0126
2993	6	16	7	0.4893
2994	7	12	5	0.3763
2995	6	8	1	0.5808
2996	6	16	2	0.4536
2997	7	21	3	0.4295
2998	7	43	0	0.3423
2999	7	11	3	0.4978
3000	6	10	4	0.5915
3001	6	21	9	0.4397
3002	6	22	2	0.5428
3003	6	35	1	0.3864
3004	50	28	0	0.6640
3005	6	37	1	0.4308
3006	7	19	1	0.5533
3007	6	50	0	0.1488
3008	6	16	2	0.5518
3009	6	37	0	0.1261
3010	7	19	0	0.4467
3011	6	15	4	0.5500
3012	7	12	0	0.5060
3013	50	22	0	0.6578
3014	6	25	4	0.4940
3015	6	30	0	0.0000
3016	6	19	7	0.4976
3017	10	11	3	0.6311
3018	8	16	2	0.4851
3019	6	11	5	0.4343
3020	7	16	2	0.5583
3021	6	33	0	0.0000
3022	6	19	4	0.5479
3023	7	21	4	0.5132
3024	6	42	0	0.0000
3025	6	15	5	0.4527
3026	5	21	5	0.4103
3027	6	12	8	0.4169
3028	6	10	5	0.4567
3029	6	20	4	0.5434
3030	6	27	0	0.0313
3031	7	16	2	0.5292
3032	6	15	2	0.4994
3033	6	32	1	0.3612
3034	7	14	3	0.6725
3035	6	25	1	0.3921
3036	10	17	0	0.0000
3037	6	24	2	0.5264
3038	7	14	2	0.5504
3039	6	24	2	0.4288
3040	6	33	0	0.2681
3041	6	15	2	0.5109
3042	6	13	3	0.4934
3043	6	25	6	0.4400
3044	6	24	1	0.4760
3045	8	13	5	0.5584
3046	6	45	0	0.0211
3047	7	26	1	0.4878
3048	8	15	3	0.5042
3049	6	23	4	0.4782
3050	6	16	5	0.5333
3051	6	24	1	0.4773
3052	8	13	6	0.5563
3053	6	15	8	0.5097
3054	6	12	9	0.4444
3055	7	17	1	0.4571
3056	15	17	1	0.6343
3057	6	13	3	0.5686
3058	10	11	3	0.6311
3059	6	44	0	0.1665
3060	6	20	0	0.0167
3061	7	15	5	0.5187
3062	7	21	0	0.4517
3063	5	13	4	0.5061
3064	6	20	2	0.4968
3065	8	18	5	0.4337
3066	8	11	0	0.3899
3067	6	27	2	0.4595
3068	7	26	3	0.4211
3069	7	13	7	0.5005
3070	6	40	0	0.0000
3071	7	17	4	0.5173
3072	6	15	3	0.5700
3073	6	23	1	0.3984
3074	7	15	2	0.5949
3075	6	23	4	0.4909
3076	6	29	4	0.4558
3077	8	13	2	0.5863
3078	6	23	1	0.4867
3079	7	14	2	0.5504
3080	6	14	2	0.5890
3081	6	33	0	0.2681
3082	6	26	1	0.3739
3083	6	18	2	0.5499
3084	8	12	2	0.5592
3085	5	14	5	0.5314
3086	8	13	5	0.5584
3087	6	32	2	0.4425
3088	20	15	4	0.5263
3089	6	24	2	0.4794
3090	6	26	2	0.4731
3091	7	13	2	0.5675
3092	6	24	1	0.4773
3093	10	16	3	0.5706
3094	8	11	1	0.5795
3095	6	16	3	0.5377
3096	7	21	6	0.4391
3097	15	17	1	0.6343
3098	6	13	3	0.5686
3099	7	14	2	0.6303
3100	7	18	1	0.4352
3101	6	8	1	0.6136
3102	6	13	0	0.3712
3103	6	17	2	0.5686
3104	6	12	13	0.3456
3105	6	12	1	0.6187
3106	6	46	0	0.0000
3107	7	17	4	0.5494
3108	6	23	3	0.4581
3109	5	15	6	0.5348
3110	7	17	2	0.5792
3111	7	19	0	0.3228
3112	8	17	3	0.4824
3113	6	51	0	0.0257
3114	6	38	0	0.0000
3115	5	38	3	0.3741
3116	7	16	5	0.4937
3117	6	30	0	0.1915
3118	6	24	7	0.4480
3119	7	17	4	0.5068
3120	6	37	2	0.3556
3121	7	16	3	0.5198
3122	6	14	0	0.4005
3123	6	37	0	0.2889
3124	7	9	4	0.5213
3125	7	14	7	0.4329
3126	8	18	4	0.5673
3127	6	13	2	0.5846
3128	6	19	3	0.4879
3129	5	11	3	0.6155
3130	6	13	3	0.5555
3131	6	24	1	0.5300
3132	6	23	3	0.5963
3133	6	45	0	0.0000
3134	6	23	0	0.2984
3135	6	27	1	0.2979
3136	5	14	5	0.5234
3137	5	10	6	0.5443
3138	6	37	0	0.0803
3139	9	15	2	0.5789
3140	6	20	5	0.5081
3141	6	24	1	0.3081
3142	7	23	1	0.4721
3143	5	16	4	0.4587
3144	6	38	3	0.3626
3145	6	14	3	0.5999
3146	6	15	4	0.5790
3147	8	14	4	0.5435
3148	6	20	3	0.4869
3149	8	33	1	0.3892
3150	6	16	5	0.4629
3151	7	14	7	0.4849
3152	20	17	5	0.5439
3153	6	17	3	0.6113
3154	6	15	2	0.5548
3155	6	19	2	0.5390
3156	5	15	5	0.5882
3157	7	20	3	0.5330
3158	5	15	3	0.4598
3159	7	22	2	0.4829
3160	7	11	3	0.5241
3161	6	31	5	0.4712
3162	6	14	12	0.3740
3163	6	34	0	0.2181
3164	6	18	5	0.5068
3165	6	28	2	0.4262
3166	6	42	0	0.0000
3167	6	21	3	0.5244
3168	6	33	0	0.1016
3169	6	6	2	0.6119
3170	6	18	4	0.5354
3171	6	9	3	0.6341
3172	7	19	2	0.5409
3173	6	12	2	0.6725
3174	7	24	1	0.4474
3175	6	11	4	0.6045
3176	5	11	4	0.5985
3177	6	37	0	0.0000
3178	8	13	5	0.5289
3179	6	23	4	0.4837
3180	5	16	8	0.4492
3181	8	9	3	0.5342
3182	17	16	5	0.4736
3183	6	19	4	0.4668
3184	8	11	3	0.5060
3185	8	11	2	0.5922
3186	6	24	3	0.5390
3187	6	9	4	0.5410
3188	7	16	7	0.5393
3189	7	19	2	0.5135
3190	6	19	5	0.4915
3191	6	23	2	0.5636
3192	7	11	3	0.5396
3193	6	13	2	0.6011
3194	7	30	0	0.1479
3195	6	40	0	0.1372
3196	6	31	2	0.4322
3197	9	16	5	0.5681
3198	8	15	4	0.5415
3199	6	24	1	0.3927
3200	6	16	4	0.4616
3201	25	11	2	0.6166
3202	6	32	0	0.0528
3203	6	14	12	0.3740
3204	6	23	1	0.3796
3205	6	36	0	0.1043
3206	9	14	3	0.6121
3207	6	14	4	0.4654
3208	7	14	3	0.5477
3209	10	20	3	0.5788
3210	8	20	2	0.5269
3211	6	18	4	0.5354
3212	7	23	1	0.4337
3213	7	17	6	0.5210
3214	6	28	0	0.3522
3215	6	37	0	0.0000
3216	7	14	2	0.5551
3217	6	28	3	0.4380
3218	20	18	4	0.5776
3219	6	33	0	0.3160
3220	6	18	2	0.5145
3221	6	53	0	0.0648
3222	6	18	6	0.4483
3223	8	16	6	0.4471
3224	6	15	5	0.4531
3225	8	19	1	0.4694
3226	7	16	3	0.5767
3227	7	20	2	0.5426
3228	6	11	4	0.6171
3229	20	13	1	0.6465
3230	5	9	5	0.6108
3231	7	44	0	0.0000
3232	6	23	2	0.5636
3233	6	22	1	0.4948
3234	7	14	2	0.5485
3235	6	33	0	0.0000
3236	10	16	2	0.6362
3237	6	25	3	0.4961
3238	5	9	7	0.3557
3239	6	21	3	0.5861
3240	6	23	3	0.5103
3241	7	14	5	0.5270
3242	7	22	1	0.4401
3243	6	26	3	0.4376
3244	6	30	3	0.4693
3245	8	21	2	0.4395
3246	6	17	3	0.5765
3247	7	11	2	0.5321
3248	6	30	1	0.4096
3249	6	47	0	0.1422
3250	6	14	2	0.5638
3251	6	16	4	0.4888
3252	6	16	5	0.5844
3253	6	12	3	0.5872
3254	6	22	0	0.0000
3255	6	28	1	0.4114
3256	6	11	3	0.6518
3257	10	15	4	0.5432
3258	7	19	5	0.5445
3259	6	45	0	0.0000
3260	7	15	2	0.6118
3261	6	20	8	0.4964
3262	7	16	6	0.5535
3263	6	12	4	0.5546
3264	6	17	1	0.5153
3265	6	8	3	0.6583
3266	6	20	2	0.4527
3267	7	40	0	0.1785
3268	6	16	5	0.5053
3269	6	13	5	0.5238
3270	6	39	1	0.3055
3271	6	25	3	0.5306
3272	6	14	3	0.4744
3273	6	23	4	0.5382
3274	12	13	8	0.4447
3275	5	16	6	0.5310
3276	6	24	1	0.3267
3277	6	15	2	0.6535
3278	7	19	5	0.3991
3279	6	18	4	0.4523
3280	6	16	4	0.5540
3281	6	16	3	0.6327
3282	6	19	3	0.5383
3283	7	12	2	0.5564
3284	6	15	5	0.3927
3285	6	17	2	0.5857
3286	7	30	1	0.4311
3287	8	11	2	0.5668
3288	6	27	1	0.4615
3289	17	15	3	0.5568
3290	6	28	1	0.1481
3291	6	16	0	0.1383
3292	6	11	3	0.5956
3293	6	8	0	0.3939
3294	6	19	3	0.6062
3295	6	22	3	0.5249
3296	5	16	6	0.5146
3297	7	13	2	0.5534
3298	6	20	3	0.4856
3299	7	18	1	0.5061
3300	7	18	2	0.6167
3301	6	13	4	0.4753
3302	7	23	2	0.4669
3303	6	15	4	0.5301
3304	6	35	0	0.0000
3305	6	17	3	0.5208
3306	7	15	1	0.5386
3307	6	13	3	0.5249
3308	7	20	0	0.3471
3309	6	19	6	0.4636
3310	7	22	2	0.4688
3311	6	19	1	0.3967
3312	5	14	9	0.4301
3313	7	14	3	0.5456
3314	6	29	3	0.4592
3315	6	25	0	0.0909
3316	7	7	1	0.4378
3317	5	10	4	0.5985
3318	6	12	2	0.6309
3319	6	24	4	0.5717
3320	6	28	0	0.2178
3321	6	17	2	0.5177
3322	6	14	9	0.4642
3323	7	17	6	0.4849
3324	6	15	2	0.5906
3325	6	56	0	0.1480
3326	6	17	4	0.5509
3327	6	44	0	0.0000
3328	6	16	3	0.5830
3329	6	27	1	0.3039
3330	5	22	9	0.5003
3331	7	11	2	0.5911
3332	6	25	2	0.5087
3333	7	20	2	0.4757
3334	6	15	4	0.5776
3335	9	12	1	0.5344
3336	6	16	4	0.5187
3337	6	14	4	0.5092
3338	6	22	6	0.4546
3339	6	14	2	0.5492
3340	7	18	3	0.5415
3341	8	15	1	0.4673
3342	7	14	5	0.4776
3343	6	28	1	0.3638
3344	7	20	4	0.5057
3345	7	20	2	0.5413
3346	6	37	0	0.2341
3347	10	22	2	0.5168
3348	6	13	4	0.4920
3349	6	17	3	0.6061
3350	9	13	3	0.5331
3351	8	20	2	0.5067
3352	6	12	2	0.5213
3353	5	12	6	0.5722
3354	5	13	2	0.5320
3355	6	23	3	0.5052
3356	50	21	1	0.4334
3357	7	12	3	0.5711
3358	6	25	2	0.4574
3359	8	22	4	0.4831
3360	7	19	0	0.2785
3361	6	16	3	0.6074
3362	6	29	1	0.4178
3363	6	9	2	0.5229
3364	6	31	2	0.3738
3365	6	22	2	0.5260
3366	6	22	1	0.4786
3367	6	39	0	0.0240
3368	6	35	0	0.0683
3369	6	38	0	0.3131
3370	5	12	4	0.5301
3371	8	13	1	0.6027
3372	6	52	0	0.0000
3373	6	21	4	0.5579
3374	6	7	3	0.6442
3375	6	16	3	0.5226
3376	6	12	2	0.5263
3377	7	27	2	0.4920
3378	6	16	3	0.5193
3379	6	26	7	0.4140
3380	6	37	0	0.1507
3381	8	18	1	0.5340
3382	6	23	2	0.4843
3383	6	25	1	0.1147
3384	6	21	0	0.3027
3385	6	18	5	0.5388
3386	6	22	5	0.5020
3387	7	19	5	0.5337
3388	6	30	2	0.4679
3389	6	53	0	0.2188
3390	7	13	2	0.5381
3391	6	32	3	0.4630
3392	7	31	1	0.3955
3393	7	17	5	0.5380
3394	9	14	3	0.5696
3395	6	31	1	0.4134
3396	7	11	4	0.6178
3397	6	15	1	0.5335
3398	10	16	3	0.5900
3399	6	21	4	0.5017
3400	6	28	4	0.4589
3401	5	14	5	0.6067
3402	6	24	4	0.4726
3403	7	20	2	0.4820
3404	6	13	3	0.5837
3405	6	22	4	0.5318
3406	6	19	1	0.4452
3407	6	18	7	0.4228
3408	8	15	3	0.5666
3409	8	16	4	0.5198
3410	5	14	8	0.4599
3411	6	21	0	0.3109
3412	6	12	6	0.5359
3413	6	12	1	0.4883
3414	6	38	0	0.0000
3415	10	18	4	0.4991
3416	5	10	6	0.4786
3417	7	17	3	0.5067
3418	7	19	4	0.5147
3419	7	13	11	0.4341
3420	6	25	0	0.0774
3421	6	16	1	0.5671
3422	6	27	3	0.4787
3423	6	21	1	0.4328
3424	5	10	3	0.6646
3425	7	16	3	0.5138
3426	6	11	4	0.5221
3427	6	14	5	0.5582
3428	6	26	3	0.5011
3429	6	19	5	0.4706
3430	7	15	1	0.6127
3431	6	13	6	0.4635
3432	7	18	2	0.5654
3433	7	15	4	0.5126
3434	7	16	2	0.4480
3435	6	22	0	0.0843
3436	5	12	8	0.4757
3437	7	23	6	0.4592
3438	6	8	1	0.5920
3439	6	26	9	0.3904
3440	6	14	5	0.5674
3441	5	12	5	0.5448
3442	8	20	3	0.4756
3443	6	18	9	0.4726
3444	7	14	2	0.5050
3445	6	26	1	0.3420
3446	5	11	2	0.5400
3447	6	18	5	0.5327
3448	7	16	2	0.4517
3449	6	19	3	0.4938
3450	6	16	4	0.6110
3451	6	17	9	0.4120
3452	7	17	6	0.5154
3453	7	30	3	0.4013
3454	6	21	3	0.5567
3455	6	12	3	0.5463
3456	7	14	5	0.4966
3457	6	13	2	0.5929
3458	7	14	5	0.4521
3459	7	23	2	0.4788
3460	6	21	3	0.5141
3461	7	7	5	0.3065
3462	6	27	2	0.4750
3463	6	15	2	0.5655
3464	8	8	1	0.5712
3465	6	10	5	0.5201
3466	9	23	2	0.5564
3467	7	11	4	0.5562
3468	8	13	1	0.5481
3469	7	16	2	0.4882
3470	50	17	3	0.5408
3471	6	37	0	0.0000
3472	6	34	3	0.4651
3473	6	12	3	0.6311
3474	6	54	0	0.1396
3475	8	16	3	0.5166
3476	7	20	4	0.4929
3477	5	15	7	0.5040
3478	6	16	3	0.6906
3479	6	23	0	0.4049
3480	6	16	5	0.5131
3481	6	14	4	0.4862
3482	7	30	1	0.4147
3483	6	20	4	0.4402
3484	6	17	8	0.4208
3485	7	15	2	0.5853
3486	6	30	1	0.3323
3487	7	18	4	0.4854
3488	6	17	4	0.5424
3489	6	10	3	0.5938
3490	7	11	2	0.6196
3491	6	9	5	0.4670
3492	6	19	2	0.5706
3493	6	31	3	0.4708
3494	6	22	4	0.4669
3495	6	15	2	0.6651
3496	6	21	8	0.4688
3497	7	23	1	0.4485
3498	6	16	2	0.4018
3499	12	16	2	0.4825
3500	6	36	0	0.0441
3501	6	17	4	0.4899
3502	7	7	5	0.3065
3503	6	40	0	0.0912
3504	10	13	5	0.4498
3505	6	13	5	0.4656
3506	6	15	2	0.4914
3507	9	23	2	0.5564
3508	5	18	10	0.4112
3509	6	19	0	0.0000
3510	6	21	8	0.4632
3511	7	13	2	0.5812
3512	6	30	1	0.4198
3513	6	30	1	0.0934
3514	6	32	0	0.3509
3515	6	12	3	0.5974
3516	7	9	1	0.6368
3517	6	16	2	0.5951
3518	5	15	7	0.5040
3519	6	18	3	0.4874
3520	7	14	8	0.4451
3521	6	16	5	0.5131
3522	6	14	4	0.4862
3523	8	19	3	0.5532
3524	6	20	4	0.4402
3525	6	18	4	0.4981
3526	7	16	3	0.5667
3527	6	13	7	0.4384
3528	50	15	0	0.6051
3529	7	18	6	0.4552
3530	7	15	3	0.5672
3531	6	16	2	0.5491
3532	6	17	4	0.4447
3533	7	12	2	0.6416
3534	6	26	1	0.4321
3535	6	22	4	0.4669
3536	6	15	8	0.4622
3537	6	16	5	0.4975
3538	6	11	5	0.4961
3539	13	17	3	0.5058
3540	6	34	1	0.3540
3541	7	16	4	0.5291
3542	6	13	3	0.5816
3543	7	21	2	0.5141
3544	7	16	4	0.4438
3545	7	12	1	0.5145
3546	6	31	0	0.2803
3547	7	14	4	0.4851
3548	6	21	0	0.0000
3549	7	28	6	0.5006
3550	7	15	5	0.4440
3551	6	12	3	0.5287
3552	7	20	2	0.5200
3553	6	13	2	0.5294
3554	6	17	2	0.4945
3555	6	14	7	0.5575
3556	6	19	8	0.5023
3557	6	20	1	0.4392
3558	6	23	2	0.4614
3559	5	19	3	0.4934
3560	7	11	3	0.5106
3561	6	8	3	0.5520
3562	9	15	2	0.5934
3563	6	28	2	0.4344
3564	7	30	1	0.4147
3565	12	10	1	0.6685
3566	6	18	4	0.4981
3567	6	11	3	0.5769
3568	6	18	7	0.4462
3569	6	22	4	0.5310
3570	7	17	3	0.5381
3571	7	15	3	0.5672
3572	6	26	1	0.4394
3573	6	17	4	0.4447
3574	6	37	4	0.3602
3575	8	13	1	0.5451
3576	6	28	2	0.4237
3577	6	15	8	0.4622
3578	6	11	3	0.5728
3579	6	18	3	0.6418
3580	8	17	2	0.5410
3581	7	27	1	0.4058
3582	6	22	0	0.0534
3583	7	34	1	0.4191
3584	8	16	3	0.5884
3585	5	18	7	0.4787
3586	7	30	4	0.4360
3587	7	32	1	0.4149
3588	6	15	7	0.4576
3589	6	36	0	0.0554
3590	6	15	5	0.5586
3591	7	18	4	0.4350
3592	13	16	4	0.5281
3593	5	22	6	0.5135
3594	6	23	7	0.5000
3595	8	14	7	0.4806
3596	6	11	1	0.3270
3597	6	34	1	0.3614
3598	6	15	4	0.5064
3599	6	14	5	0.4910
3600	6	15	5	0.5227
3601	8	18	5	0.5316
3602	6	14	8	0.4446
3603	6	31	1	0.4130
3604	25	16	1	0.5921
3605	6	31	3	0.4621
3606	6	15	5	0.5724
3607	6	20	2	0.5263
3608	9	13	3	0.4829
3609	6	18	2	0.5056
3610	7	18	4	0.4854
3611	6	14	5	0.4854
3612	6	10	3	0.5938
3613	7	18	1	0.5599
3614	6	17	4	0.4447
3615	7	12	2	0.6416
3616	6	26	1	0.4321
3617	6	17	2	0.4719
3618	6	49	0	0.1178
3619	6	18	1	0.5259
3620	6	20	1	0.4613
3621	7	34	1	0.4522
3622	5	15	4	0.4965
3623	6	21	0	0.2335
3624	6	24	1	0.3652
3625	8	15	3	0.5359
3626	7	29	0	0.3711
3627	6	18	7	0.4572
3628	9	18	3	0.5253
3629	7	14	3	0.5924
3630	6	16	4	0.4799
3631	8	10	2	0.6624
3632	7	11	6	0.4582
3633	34	17	0	0.5836
3634	6	23	1	0.4977
3635	5	11	3	0.5861
3636	10	13	3	0.6114
3637	7	18	2	0.5654
3638	7	15	4	0.5126
3639	6	30	0	0.2405
3640	6	22	0	0.0843
3641	6	16	5	0.5112
3642	6	40	0	0.0000
3643	6	23	5	0.4955
3644	6	12	3	0.5746
3645	6	20	4	0.5211
3646	6	15	5	0.5215
3647	9	13	3	0.5466
3648	6	14	7	0.4207
3649	7	15	3	0.5748
3650	8	18	1	0.5338
3651	6	22	7	0.4965
3652	6	13	3	0.3949
3653	6	21	2	0.4773
3654	6	13	3	0.5186
3655	6	27	0	0.1978
3656	6	20	3	0.5402
3657	6	23	0	0.1616
3658	5	20	5	0.4786
3659	6	30	5	0.4499
3660	10	16	3	0.6293
3661	8	12	2	0.5872
3662	5	10	6	0.4786
3663	7	17	2	0.5213
3664	6	21	1	0.4422
3665	6	18	2	0.5438
3666	50	14	0	0.6314
3667	7	13	5	0.4796
3668	6	27	2	0.5093
3669	6	16	3	0.4762
3670	5	10	3	0.6646
3671	6	18	3	0.5070
3672	6	9	1	0.6000
3673	7	17	8	0.4851
3674	6	13	2	0.5487
3675	8	14	2	0.5046
3676	6	17	8	0.4283
3677	6	17	4	0.5438
3678	6	35	0	0.2555
3679	7	21	1	0.4003
3680	8	12	1	0.5336
3681	6	24	0	0.2735
3682	8	15	5	0.4199
3683	6	13	1	0.5352
3684	6	15	2	0.5637
3685	6	12	3	0.5691
3686	8	16	4	0.5082
3687	7	19	8	0.4315
3688	6	13	3	0.5505
3689	6	17	3	0.4584
3690	17	15	1	0.6479
3691	8	12	2	0.5616
3692	6	19	3	0.5880
3693	6	26	1	0.4131
3694	6	22	1	0.4773
3695	6	25	2	0.4921
3696	7	14	2	0.5734
3697	6	19	2	0.5127
3698	5	12	3	0.5558
3699	6	9	1	0.6059
3700	6	40	1	0.2945
3701	6	18	2	0.5167
3702	7	26	0	0.3899
3703	7	25	1	0.4369
3704	6	20	2	0.5368
3705	6	37	5	0.3805
3706	6	18	2	0.5438
3707	6	35	0	0.1939
3708	6	17	2	0.5705
3709	6	47	0	0.1424
3710	6	15	4	0.4798
3711	6	17	3	0.5404
3712	5	11	6	0.5740
3713	6	47	0	0.0930
3714	7	19	3	0.5383
3715	8	18	5	0.4956
3716	7	12	1	0.6856
3717	6	9	3	0.5598
3718	17	12	2	0.5217
3719	6	15	2	0.5300
3720	6	19	3	0.5545
3721	8	12	1	0.5336
3722	6	24	0	0.2735
3723	7	14	3	0.5327
3724	6	16	5	0.5682
3725	6	30	2	0.3455
3726	6	23	3	0.5098
3727	8	20	3	0.5812
3728	6	4	5	0.3880
3729	7	21	5	0.4295
3730	10	22	5	0.4516
3731	6	29	0	0.3020
3732	8	12	2	0.5616
3733	6	24	0	0.2701
3734	6	19	2	0.5488
3735	6	13	3	0.5788
3736	6	11	2	0.5560
3737	6	14	2	0.4594
3738	6	9	6	0.4483
3739	6	25	4	0.4700
3740	7	21	2	0.5622
3741	7	14	3	0.5722
3742	6	35	3	0.4266
3743	6	20	5	0.4790
3744	6	34	0	0.2403
3745	6	13	7	0.5058
3746	6	12	4	0.5147
3747	6	29	1	0.3883
3748	6	13	2	0.5867
3749	6	17	4	0.5688
3750	7	18	4	0.5220
3751	6	28	0	0.0663
3752	10	19	1	0.5264
3753	6	11	3	0.5393
3754	6	9	0	0.5228
3755	6	21	3	0.5283
3756	6	19	3	0.4897
3757	6	21	10	0.4551
3758	6	19	2	0.5101
3759	6	41	0	0.0221
3760	6	25	1	0.4464
3761	12	18	4	0.5148
3762	8	14	4	0.4958
3763	6	17	6	0.4881
3764	7	10	8	0.4747
3765	7	13	6	0.4896
3766	6	34	0	0.0533
3767	7	12	4	0.5223
3768	6	16	1	0.5980
3769	6	17	7	0.5106
3770	6	30	1	0.3898
3771	6	61	0	0.0148
3772	6	14	5	0.4326
3773	9	17	3	0.5279
3774	6	17	1	0.4793
3775	6	10	2	0.6390
3776	7	12	3	0.6133
3777	6	25	5	0.4576
3778	6	21	2	0.5390
3779	7	21	2	0.4758
3780	6	39	0	0.0000
3781	6	46	0	0.0000
3782	5	15	2	0.5861
3783	7	16	4	0.5140
3784	7	19	6	0.5172
3785	7	26	1	0.3702
3786	7	34	0	0.2389
3787	6	19	4	0.5226
3788	6	12	4	0.6343
3789	6	13	3	0.5574
3790	6	30	0	0.2724
3791	6	20	2	0.4879
3792	6	14	4	0.5985
3793	6	14	7	0.4789
3794	7	18	5	0.5651
3795	9	12	3	0.5589
3796	7	18	2	0.5747
3797	7	14	2	0.5147
3798	6	14	2	0.6026
3799	6	25	0	0.0000
3800	8	15	2	0.5689
3801	10	13	11	0.3452
3802	6	43	0	0.2548
3803	6	23	9	0.4514
3804	7	19	2	0.5801
3805	7	10	1	0.5629
3806	7	13	6	0.4896
3807	6	24	2	0.5400
3808	9	20	1	0.4977
3809	6	22	2	0.5011
3810	7	19	2	0.5019
3811	6	21	5	0.4676
3812	8	19	3	0.5262
3813	6	26	1	0.4714
3814	6	15	3	0.5541
3815	7	18	3	0.5531
3816	6	45	0	0.2861
3817	7	18	2	0.5343
3818	6	17	3	0.3699
3819	6	17	0	0.1604
3820	6	32	0	0.0000
3821	5	17	2	0.6024
3822	6	18	3	0.4042
3823	6	17	2	0.4776
3824	6	28	0	0.0440
3825	7	16	3	0.4843
3826	5	11	5	0.5047
3827	5	11	3	0.5978
3828	6	19	4	0.5226
3829	7	16	3	0.5273
3830	6	23	2	0.3772
3831	6	17	2	0.5239
3832	6	12	1	0.5883
3833	6	21	1	0.5036
3834	6	33	2	0.4053
3835	6	43	0	0.2172
3836	6	32	0	0.1885
3837	6	17	8	0.3713
3838	7	17	2	0.5321
3839	6	15	2	0.4103
3840	6	22	1	0.4499
3841	7	32	0	0.3975
3842	6	29	1	0.3563
3843	6	38	0	0.0000
3844	6	12	4	0.6064
3845	6	13	6	0.4208
3846	6	27	1	0.4595
3847	6	23	3	0.5052
3848	5	12	7	0.5475
3849	8	14	3	0.5663
3850	6	10	3	0.6050
3851	7	19	5	0.5225
3852	7	23	3	0.5264
3853	7	8	1	0.6432
3854	6	26	2	0.4303
3855	6	17	5	0.5511
3856	6	17	6	0.4787
3857	6	31	1	0.2937
3858	6	22	2	0.5433
3859	6	27	0	0.0000
3860	7	10	6	0.5139
3861	7	9	5	0.4611
3862	10	11	3	0.6283
3863	7	13	4	0.5199
3864	6	52	0	0.0000
3865	6	16	4	0.5305
3866	10	18	1	0.6040
3867	6	13	6	0.4900
3868	6	12	2	0.5263
3869	7	28	0	0.4197
3870	9	13	5	0.4955
3871	5	9	2	0.5625
3872	7	16	2	0.4995
3873	6	20	2	0.5117
3874	6	31	2	0.4290
3875	6	43	0	0.0248
3876	6	14	1	0.4209
3877	6	46	0	0.0000
3878	8	19	4	0.4924
3879	7	14	7	0.5185
3880	7	22	0	0.4358
3881	8	12	2	0.4760
3882	6	13	4	0.5832
3883	6	32	1	0.3760
3884	8	20	2	0.5067
3885	6	20	4	0.4438
3886	8	20	2	0.4789
3887	20	12	0	0.6931
3888	6	49	0	0.0000
3889	17	21	2	0.5411
3890	6	17	8	0.4695
3891	6	20	1	0.5006
3892	7	12	2	0.5057
3893	6	13	3	0.4959
3894	6	16	3	0.6125
3895	6	26	2	0.4303
3896	6	12	3	0.4700
3897	50	23	1	0.5805
3898	8	12	14	0.3363
3899	7	14	4	0.5743
3900	6	19	2	0.5318
3901	6	29	1	0.3670
3902	9	21	1	0.5775
3903	6	63	0	0.0000
3904	6	28	2	0.4633
3905	5	19	8	0.4375
3906	5	11	4	0.5129
3907	6	15	6	0.4686
3908	6	16	2	0.5928
3909	50	34	0	0.6200
3910	7	14	2	0.6096
3911	5	18	7	0.5078
3912	6	18	2	0.5512
3913	6	24	5	0.5262
3914	6	20	2	0.5117
3915	6	31	2	0.4290
3916	6	33	2	0.4053
3917	6	19	4	0.5419
3918	6	30	0	0.3008
3919	6	17	2	0.4727
3920	7	23	6	0.5421
3921	6	19	3	0.5010
3922	6	22	1	0.4499
3923	7	32	0	0.3975
3924	7	12	6	0.5500
3925	6	13	4	0.5817
3926	7	23	3	0.4820
3927	6	31	0	0.0000
3928	7	16	4	0.4849
3929	7	21	4	0.4892
3930	6	13	5	0.4999
3931	6	26	4	0.5198
3932	7	20	4	0.4939
3933	6	15	6	0.5819
3934	6	16	2	0.4796
3935	6	23	1	0.4687
3936	7	14	2	0.5327
3937	8	9	1	0.4717
3938	17	15	4	0.5029
3939	7	10	2	0.6366
3940	6	20	8	0.4505
3941	6	16	4	0.5013
3942	8	20	4	0.4835
3943	7	15	3	0.5853
3944	6	8	4	0.4697
3945	6	16	2	0.6024
3946	6	48	0	0.0000
3947	7	14	7	0.4365
3948	6	58	0	0.0000
3949	6	12	3	0.6037
3950	6	31	2	0.4689
3951	6	20	8	0.4657
3952	7	23	4	0.5272
3953	8	13	2	0.5724
3954	8	15	3	0.5504
3955	8	19	4	0.5398
3956	6	23	0	0.0533
3957	6	21	2	0.5112
3958	6	57	1	0.3121
3959	6	15	5	0.4895
3960	6	17	2	0.5372
3961	7	18	4	0.5340
3962	7	14	4	0.5514
3963	8	12	2	0.4760
3964	6	11	5	0.4122
3965	5	16	18	0.3348
3966	6	20	2	0.5674
3967	6	12	2	0.5213
3968	7	15	4	0.5344
3969	5	13	2	0.5320
3970	6	23	3	0.5052
3971	6	22	4	0.4680
3972	7	17	5	0.4039
3973	6	42	0	0.2515
3974	6	20	3	0.6017
3975	6	40	0	0.0000
3976	25	17	6	0.4317
3977	6	15	3	0.5407
3978	5	17	6	0.5131
3979	6	18	6	0.4380
3980	6	13	5	0.5184
3981	5	17	8	0.4066
3982	6	27	0	0.3640
3983	7	10	6	0.5139
3984	6	38	0	0.3131
3985	7	11	4	0.5495
3986	6	27	2	0.4651
3987	7	21	7	0.4694
3988	6	22	1	0.5062
3989	5	9	4	0.5500
3990	10	17	1	0.5055
3991	5	13	10	0.4104
3992	7	26	0	0.2454
3993	9	13	5	0.4955
3994	6	36	1	0.2444
3995	6	24	2	0.4795
3996	6	20	2	0.5117
3997	6	31	2	0.4290
3998	6	43	0	0.0248
3999	6	19	4	0.5419
4000	6	20	4	0.4771
4001	6	17	2	0.4727
4002	6	15	4	0.4808
4003	6	32	1	0.3708
4004	8	14	1	0.5021
4005	6	17	4	0.5297
4006	7	19	3	0.5046
4007	6	13	4	0.5817
4008	7	18	4	0.4288
4009	8	11	2	0.5327
4010	6	21	3	0.5385
4011	6	23	3	0.5052
4012	5	12	7	0.5475
4013	6	32	2	0.4244
4014	6	42	0	0.2515
4015	6	18	3	0.5231
4016	6	17	2	0.5777
4017	6	15	8	0.3887
4018	6	14	1	0.6011
4019	7	15	4	0.6007
4020	8	11	3	0.5887
4021	5	12	4	0.5588
4022	6	24	5	0.4525
4023	6	16	1	0.5377
4024	7	10	6	0.5139
4025	7	9	5	0.4611
4026	5	20	7	0.5272
4027	6	55	0	0.0159
4028	6	26	1	0.3245
4029	6	11	5	0.6276
4030	9	12	5	0.5476
4031	6	26	6	0.4737
4032	50	34	0	0.6200
4033	6	33	0	0.3401
4034	6	9	3	0.5886
4035	8	20	3	0.4719
4036	6	24	5	0.5262
4037	7	22	2	0.5156
4038	6	10	6	0.5078
4039	6	42	0	0.2587
4040	6	16	4	0.5159
4041	5	27	6	0.4559
4042	7	12	1	0.5045
4043	6	39	0	0.0164
4044	6	18	1	0.5290
4045	6	18	4	0.5214
4046	7	32	0	0.3975
4047	7	12	4	0.3927
4048	6	11	1	0.5684
4049	8	12	2	0.5434
4050	6	13	6	0.4208
4051	5	13	2	0.5320
4052	6	23	3	0.5052
4053	7	16	2	0.4485
4054	6	22	9	0.4649
4055	7	20	2	0.5736
4056	6	24	5	0.5139
4057	6	16	3	0.5774
4058	25	17	6	0.4317
4059	7	14	2	0.5327
4060	6	12	3	0.4700
4061	8	15	1	0.5589
4062	6	13	5	0.5184
4063	5	17	8	0.4066
4064	6	16	1	0.5377
4065	7	10	6	0.5139
4066	7	21	4	0.5593
4067	6	15	4	0.4613
4068	6	39	0	0.0000
4069	6	17	3	0.6040
4070	7	12	3	0.5571
4071	6	25	1	0.4508
4072	6	15	4	0.5858
4073	6	48	1	0.3104
4074	6	39	0	0.1652
4075	6	24	2	0.4891
4076	7	16	1	0.5603
4077	5	10	7	0.5394
4078	6	9	3	0.5965
4079	8	13	3	0.5827
4080	8	18	5	0.5067
4081	7	24	2	0.3934
4082	7	30	1	0.4259
4083	6	19	4	0.5423
4084	6	15	6	0.4518
4085	6	65	0	0.0000
4086	6	22	4	0.4590
4087	6	20	4	0.5049
4088	5	16	6	0.4677
4089	6	8	2	0.6988
4090	6	21	3	0.6244
4091	5	25	4	0.4693
4092	6	17	2	0.4820
4093	7	10	4	0.5163
4094	6	14	3	0.4954
4095	6	18	4	0.4606
4096	6	21	2	0.4851
4097	7	15	1	0.6237
4098	6	15	3	0.5505
4099	8	21	3	0.5237
4100	6	32	0	0.3069
4101	6	54	0	0.1297
4102	7	12	3	0.6221
4103	50	5	5	0.4156
4104	6	14	1	0.5416
4105	5	19	7	0.4581
4106	6	27	1	0.4114
4107	7	14	2	0.5852
4108	6	39	0	0.3666
4109	6	23	2	0.4847
4110	7	13	2	0.5692
4111	7	23	1	0.3512
4112	7	16	3	0.4843
4113	6	13	3	0.5563
4114	7	15	2	0.5266
4115	10	21	3	0.6061
4116	6	26	2	0.5496
4117	15	17	2	0.6184
4118	10	13	2	0.6182
4119	5	11	5	0.5377
4120	6	17	2	0.5178
4121	8	16	6	0.5602
4122	8	13	2	0.6051
4123	7	14	2	0.6167
4124	5	15	6	0.4888
4125	6	38	1	0.3741
4126	6	17	6	0.4666
4127	6	19	2	0.5101
4128	5	19	5	0.5481
4129	7	18	4	0.4752
4130	8	14	3	0.5273
4131	6	20	4	0.4633
4132	5	13	5	0.5510
4133	50	9	10	0.6242
4134	6	22	1	0.3544
4135	6	6	1	0.6021
4136	6	18	8	0.4381
4137	6	16	0	0.0000
4138	6	19	0	0.1294
4139	6	15	3	0.5586
4140	6	30	0	0.0000
4141	6	13	1	0.5356
4142	7	11	3	0.4924
4143	6	31	2	0.3738
4144	6	22	2	0.5260
4145	6	14	1	0.5416
4146	6	25	5	0.4576
4147	10	11	2	0.6447
4148	7	12	2	0.5937
4149	6	28	0	0.2178
4150	5	16	5	0.4272
4151	6	37	1	0.4349
4152	6	30	1	0.3485
4153	6	25	1	0.4508
4154	6	15	5	0.4177
4155	6	38	0	0.0000
4156	7	28	0	0.4197
4157	6	15	2	0.6219
4158	6	23	2	0.3772
4159	7	14	8	0.4914
4160	6	9	3	0.5965
4161	8	13	3	0.5827
4162	7	15	2	0.5608
4163	6	26	4	0.4778
4164	6	32	0	0.1885
4165	6	13	5	0.5046
4166	6	14	2	0.5832
4167	6	19	3	0.4582
4168	7	26	2	0.4896
4169	7	18	2	0.4813
4170	6	24	0	0.4274
4171	6	12	2	0.6156
4172	6	10	4	0.5921
4173	6	15	1	0.4374
4174	9	9	4	0.4711
4175	7	17	3	0.5656
4176	6	18	4	0.5671
4177	6	14	3	0.5015
4178	6	26	5	0.4899
4179	6	17	3	0.5639
4180	7	11	1	0.5770
4181	6	13	0	0.0413
4182	6	29	1	0.4178
4183	7	13	6	0.4836
4184	6	31	2	0.3738
4185	6	9	4	0.5169
4186	7	20	1	0.4286
4187	6	39	0	0.0240
4188	7	18	3	0.5817
4189	6	38	0	0.3131
4190	6	15	4	0.4613
4191	7	13	4	0.5199
4192	6	15	3	0.5448
4193	5	11	4	0.5129
4194	7	13	2	0.5720
4195	6	17	3	0.5305
4196	6	29	2	0.4593
4197	7	26	0	0.2454
4198	9	13	5	0.4955
4199	8	20	3	0.4719
4200	7	16	2	0.4995
4201	7	20	1	0.5008
4202	8	18	3	0.5685
4203	6	34	0	0.3063
4204	7	23	2	0.5454
4205	6	27	4	0.4435
4206	9	16	3	0.5207
4207	6	15	4	0.4808
4208	6	15	0	0.0000
4209	6	18	4	0.5214
4210	7	32	0	0.3975
4211	6	47	0	0.1390
4212	7	15	3	0.5526
4213	7	18	4	0.4288
4214	7	28	0	0.4151
4215	5	13	2	0.5320
4216	6	23	3	0.5052
4217	5	12	7	0.5475
4218	7	18	3	0.4266
4219	6	13	2	0.6170
4220	8	22	4	0.4831
4221	6	18	2	0.6133
4222	6	30	0	0.0324
4223	6	14	1	0.6011
4224	7	15	4	0.6007
4225	6	38	0	0.1637
4226	5	12	4	0.5588
4227	6	23	3	0.5014
4228	6	27	0	0.3640
4229	7	18	2	0.6123
4230	5	16	7	0.4292
4231	6	28	0	0.2178
4232	5	16	5	0.4272
4233	6	37	1	0.4349
4234	6	22	1	0.5062
4235	6	16	5	0.5176
4236	6	18	1	0.4617
4237	7	17	2	0.5406
4238	12	12	3	0.5676
4239	6	26	2	0.5496
4240	8	12	2	0.5163
4241	6	37	0	0.1520
4242	6	9	3	0.5965
4243	10	16	2	0.5554
4244	8	18	5	0.5067
4245	6	48	0	0.0401
4246	6	15	1	0.5167
4247	6	22	4	0.5106
4248	7	10	0	0.5395
4249	6	15	0	0.0000
4250	6	13	4	0.4920
4251	6	15	3	0.5320
4252	6	15	4	0.5757
4253	6	11	1	0.5684
4254	6	22	1	0.4695
4255	6	13	6	0.4208
4256	7	16	4	0.4849
4257	7	20	2	0.3984
4258	7	20	6	0.3988
4259	6	17	8	0.4695
4260	7	23	6	0.4814
4261	7	12	2	0.5057
4262	7	15	3	0.6068
4263	6	31	1	0.4142
4264	8	13	2	0.5314
4265	5	17	6	0.5131
4266	7	12	6	0.3846
4267	7	32	1	0.4154
4268	6	18	1	0.4729
4269	34	19	1	0.6303
4270	6	11	2	0.6279
4271	9	21	1	0.5775
4272	10	19	5	0.5680
4273	6	55	0	0.0159
4274	6	26	1	0.3245
4275	6	11	5	0.6276
4276	6	15	6	0.4686
4277	6	16	2	0.5928
4278	7	10	3	0.5006
4279	6	20	8	0.4657
4280	6	18	5	0.5303
4281	8	20	3	0.4719
4282	7	16	2	0.4995
4283	6	20	2	0.5117
4284	6	10	6	0.5078
4285	6	43	0	0.1296
4286	50	24	2	0.5700
4287	6	22	3	0.5788
4288	8	19	4	0.4924
4289	7	14	7	0.5185
4290	6	32	1	0.3708
4291	6	22	1	0.4499
4292	6	22	2	0.4753
4293	7	12	6	0.5500
4294	7	17	1	0.4443
4295	7	25	1	0.5117
4296	7	28	0	0.4151
4297	6	43	0	0.1088
4298	6	29	1	0.4050
4299	6	15	3	0.4651
4300	6	11	4	0.5366
4301	7	13	3	0.5854
4302	6	16	2	0.5253
4303	6	13	3	0.4959
4304	9	21	1	0.4655
4305	8	16	2	0.5194
4306	6	17	5	0.4741
4307	6	29	1	0.4519
4308	6	19	5	0.5501
4309	6	20	1	0.4981
4310	6	16	4	0.5013
4311	6	45	1	0.2302
4312	6	18	2	0.4868
4313	9	11	2	0.5031
4314	15	23	3	0.5063
4315	10	17	2	0.4623
4316	6	23	4	0.4631
4317	10	10	3	0.5064
4318	6	11	2	0.6441
4319	6	20	5	0.5350
4320	6	18	7	0.5166
4321	6	10	9	0.3283
4322	6	54	0	0.0000
4323	7	18	2	0.5178
4324	8	19	4	0.5398
4325	7	15	2	0.6511
4326	6	10	2	0.5680
4327	5	11	3	0.5217
4328	6	17	4	0.4086
4329	6	23	1	0.4745
4330	6	15	4	0.4808
4331	6	16	4	0.4570
4332	6	21	2	0.5597
4333	7	18	4	0.5649
4334	6	13	2	0.6323
4335	6	8	2	0.6988
4336	9	19	4	0.4884
4337	6	10	3	0.5424
4338	7	11	4	0.5368
4339	6	13	3	0.5766
4340	6	16	5	0.5699
4341	6	14	3	0.5015
4342	7	25	2	0.5348
4343	6	23	0	0.3362
4344	6	16	3	0.4591
4345	6	17	8	0.4399
4346	6	13	1	0.5356
4347	6	9	2	0.5229
4348	6	38	0	0.1637
4349	6	34	0	0.2317
4350	6	24	5	0.4525
4351	6	39	0	0.0240
4352	7	18	3	0.5817
4353	8	12	2	0.5226
4354	8	16	4	0.5453
4355	8	13	1	0.6027
4356	6	37	1	0.4349
4357	6	30	1	0.3485
4358	6	16	5	0.5176
4359	6	19	7	0.4494
4360	6	14	7	0.5606
4361	5	21	5	0.5819
4362	7	11	2	0.6120
4363	6	50	0	0.0563
4364	6	22	2	0.5006
4365	7	38	1	0.3270
4366	6	15	2	0.6097
4367	10	13	2	0.5630
4368	6	14	3	0.6072
4369	6	16	4	0.5550
4370	6	21	3	0.5283
4371	7	27	2	0.4702
4372	5	20	5	0.5714
4373	6	17	4	0.5827
4374	25	28	2	0.5437
4375	6	17	2	0.4271
4376	12	14	3	0.5109
4377	6	21	1	0.4733
4378	6	19	3	0.4999
4379	8	15	5	0.4199
4380	7	11	4	0.6178
4381	8	15	2	0.4879
4382	10	16	3	0.5900
4383	7	9	3	0.6372
4384	6	17	2	0.5973
4385	6	19	2	0.5318
4386	6	20	4	0.4561
4387	6	15	3	0.5911
4388	6	35	0	0.2922
4389	6	19	3	0.5880
4390	50	2	0	0.2187
4391	7	16	7	0.4308
4392	6	15	3	0.5344
4393	7	14	2	0.5734
4394	6	19	2	0.5127
4395	6	20	2	0.4483
4396	6	14	1	0.4541
4397	6	16	3	0.5673
4398	6	15	3	0.6335
4399	6	17	5	0.5454
4400	5	10	6	0.4786
4401	6	16	2	0.4415
4402	5	12	7	0.4706
4403	6	18	6	0.4962
4404	7	21	0	0.1043
4405	6	24	3	0.5105
4406	6	27	3	0.4787
4407	6	57	0	0.0000
4408	6	18	4	0.5177
4409	5	19	3	0.4479
4410	6	25	0	0.3133
4411	6	20	1	0.4146
4412	9	12	5	0.5373
4413	6	30	0	0.2492
4414	7	16	2	0.5877
4415	17	12	2	0.5217
4416	6	35	0	0.2555
4417	6	10	1	0.5625
4418	8	15	3	0.4721
4419	6	19	3	0.4696
4420	7	15	2	0.6100
4421	6	40	0	0.0000
4422	6	37	0	0.3379
4423	7	15	4	0.5125
4424	6	31	0	0.2655
4425	6	17	9	0.4721
4426	6	15	5	0.4866
4427	7	14	2	0.5200
4428	5	13	9	0.5231
4429	7	20	3	0.5049
4430	6	21	2	0.4693
4431	8	14	3	0.5718
4432	6	26	3	0.4568
4433	6	13	3	0.5186
4434	6	11	2	0.5857
4435	6	30	0	0.2109
4436	6	24	0	0.2707
4437	6	20	1	0.5766
4438	8	16	2	0.4931
4439	6	13	6	0.5728
4440	7	11	3	0.6026
4441	5	10	4	0.6239
4442	10	20	2	0.5823
4443	5	12	7	0.4706
4444	6	16	5	0.5193
4445	50	27	1	0.6301
4446	7	36	0	0.1736
4447	6	16	0	0.0000
4448	6	15	4	0.4798
4449	6	17	3	0.5404
4450	7	24	1	0.4690
4451	6	34	2	0.4281
4452	6	28	1	0.3557
4453	6	16	7	0.4558
4454	6	23	5	0.4252
4455	6	24	1	0.3644
4456	6	18	4	0.5410
4457	6	14	5	0.5182
4458	7	21	1	0.4003
4459	8	12	1	0.5336
4460	6	24	0	0.2735
4461	7	14	3	0.5327
4462	7	15	1	0.4971
4463	7	11	5	0.4553
4464	12	12	5	0.4765
4465	6	12	3	0.5408
4466	6	32	0	0.0957
4467	6	38	0	0.0000
4468	8	16	5	0.4890
4469	6	26	1	0.4714
4470	6	13	2	0.5427
4471	6	11	3	0.5060
4472	7	33	0	0.1715
4473	7	25	1	0.4619
4474	6	11	2	0.5560
4475	6	15	4	0.5445
4476	6	9	6	0.4483
4477	6	19	3	0.4738
4478	6	16	3	0.5101
4479	6	14	8	0.4580
4480	6	35	3	0.4266
4481	6	16	1	0.4811
4482	7	30	1	0.4314
4483	6	43	0	0.2895
4484	7	30	1	0.4440
4485	7	12	1	0.5070
4486	6	23	2	0.4333
4487	7	11	5	0.5364
4488	6	18	2	0.4320
4489	6	14	3	0.6188
4490	6	23	2	0.4275
4491	7	26	4	0.4359
4492	6	29	3	0.4933
4493	6	31	0	0.1909
4494	6	19	2	0.4472
4495	6	13	4	0.5981
4496	6	10	4	0.5796
4497	6	18	4	0.5410
4498	6	13	4	0.5143
4499	6	19	3	0.5545
4500	6	21	0	0.0000
4501	6	18	2	0.5765
4502	6	21	4	0.4764
4503	6	28	1	0.3233
4504	7	22	2	0.4772
4505	6	18	4	0.3929
4506	6	41	0	0.0987
4507	6	4	5	0.3880
4508	6	29	0	0.2776
4509	6	20	4	0.4561
4510	8	15	3	0.6235
4511	6	14	3	0.5624
4512	7	18	3	0.5362
4513	8	23	1	0.4232
4514	5	14	2	0.4411
4515	34	14	0	0.5482
4516	6	38	0	0.3048
4517	7	20	3	0.5361
4518	6	16	8	0.4177
4519	7	16	4	0.5266
4520	5	10	5	0.6205
4521	10	16	7	0.4851
4522	6	24	0	0.1733
4523	7	24	0	0.4323
4524	6	26	4	0.4904
4525	7	13	1	0.5594
4526	6	19	4	0.4701
4527	6	17	0	0.0000
4528	7	11	5	0.5364
4529	6	21	1	0.4199
4530	6	39	0	0.0000
4531	8	16	7	0.4682
4532	6	14	3	0.6072
4533	5	15	4	0.5276
4534	6	23	2	0.5712
4535	6	15	6	0.5569
4536	6	19	4	0.5672
4537	6	22	2	0.5405
4538	6	18	4	0.5410
4539	6	14	5	0.5182
4540	6	13	3	0.5165
4541	6	13	3	0.6293
4542	6	47	0	0.2211
4543	6	21	4	0.4764
4544	6	28	1	0.3233
4545	6	15	2	0.5637
4546	7	21	3	0.5133
4547	6	17	3	0.5112
4548	6	4	5	0.3880
4549	6	29	0	0.2776
4550	7	19	3	0.5334
4551	6	14	5	0.4185
4552	6	20	6	0.4295
4553	6	24	0	0.2701
4554	6	19	2	0.5488
4555	7	20	2	0.5596
4556	6	32	2	0.4293
4557	6	20	1	0.5249
4558	6	10	6	0.4387
4559	6	22	0	0.4281
4560	7	31	0	0.2578
4561	5	15	2	0.5942
4562	7	9	4	0.4635
4563	6	16	1	0.4811
4564	7	11	1	0.5465
4565	7	15	4	0.5136
4566	7	30	1	0.4440
4567	6	29	1	0.3883
4568	5	22	2	0.5256
4569	6	17	2	0.5705
4570	6	17	4	0.5632
4571	6	22	3	0.5593
4572	6	15	5	0.5118
4573	6	15	3	0.5489
4574	6	20	3	0.5277
4575	6	66	0	0.0000
4576	34	17	0	0.5836
4577	6	23	1	0.4977
4578	5	11	3	0.5861
4579	7	27	2	0.4744
4580	7	24	5	0.4531
4581	6	33	1	0.3152
4582	6	10	2	0.5462
4583	6	27	1	0.3796
4584	6	26	5	0.5204
4585	7	19	0	0.2759
4586	6	39	0	0.3090
4587	6	28	3	0.5058
4588	6	15	3	0.5515
4589	8	21	0	0.5112
4590	6	20	4	0.5111
4591	6	30	0	0.0000
4592	7	18	6	0.4927
4593	10	11	2	0.5544
4594	6	24	2	0.4153
4595	6	27	2	0.3016
4596	9	19	5	0.5208
4597	6	11	3	0.6596
4598	5	10	6	0.5727
4599	7	32	1	0.3947
4600	6	11	5	0.4935
4601	6	39	0	0.0000
4602	50	19	1	0.6497
4603	6	12	3	0.5647
4604	6	32	0	0.2552
4605	7	15	3	0.5041
4606	6	28	0	0.3461
4607	7	10	2	0.6293
4608	6	19	6	0.4517
4609	6	21	0	0.0183
4610	6	24	4	0.4518
4611	8	14	2	0.5054
4612	7	18	1	0.4896
4613	6	18	4	0.5061
4614	8	13	3	0.5512
4615	7	21	2	0.4863
4616	5	14	6	0.5368
4617	6	24	0	0.2856
4618	7	19	2	0.4744
4619	6	16	3	0.5475
4620	7	27	2	0.4744
4621	8	18	6	0.4487
4622	6	14	2	0.6075
4623	6	19	14	0.3673
4624	7	21	3	0.5188
4625	10	15	5	0.5281
4626	6	4	0	0.2018
4627	6	33	0	0.0000
4628	7	13	3	0.5790
4629	6	26	1	0.4499
4630	5	17	5	0.5688
4631	5	14	5	0.6067
4632	6	24	4	0.4726
4633	9	14	5	0.4930
4634	6	15	6	0.5729
4635	6	15	4	0.5640
4636	6	17	3	0.6396
4637	7	13	4	0.3561
4638	6	14	2	0.6191
4639	6	17	4	0.4979
4640	6	20	2	0.5070
4641	7	14	1	0.4268
4642	7	13	4	0.5197
4643	6	33	0	0.2418
4644	6	15	4	0.5703
4645	7	21	2	0.4956
4646	7	11	3	0.5293
4647	8	13	6	0.4883
4648	6	24	7	0.4041
4649	8	19	4	0.5409
4650	7	14	3	0.5083
4651	6	12	3	0.5766
4652	8	12	6	0.5224
4653	6	17	4	0.3870
4654	6	22	1	0.3975
4655	6	41	0	0.0000
4656	6	19	5	0.5206
4657	6	15	5	0.4063
4658	6	8	2	0.5699
4659	50	17	3	0.5408
4660	6	39	0	0.2237
4661	7	43	2	0.3986
4662	6	28	1	0.4699
4663	8	8	2	0.4924
4664	6	24	0	0.1510
4665	8	12	1	0.4588
4666	7	17	5	0.5651
4667	6	17	2	0.5401
4668	9	14	2	0.5444
4669	6	21	2	0.5156
4670	6	40	1	0.2339
4671	7	16	2	0.4919
4672	6	16	2	0.5609
4673	6	17	4	0.5399
4674	6	44	0	0.2085
4675	6	21	3	0.4895
4676	6	24	2	0.4153
4677	6	19	1	0.4452
4678	6	16	5	0.5737
4679	6	29	1	0.4375
4680	7	27	2	0.4435
4681	6	26	2	0.4285
4682	6	10	4	0.5591
4683	6	14	1	0.6551
4684	7	38	1	0.3586
4685	8	17	2	0.5076
4686	6	50	0	0.0000
4687	6	49	0	0.1620
4688	6	36	0	0.1938
4689	6	15	12	0.4088
4690	6	19	6	0.4517
4691	6	9	6	0.5395
4692	6	12	3	0.5766
4693	6	11	6	0.4166
4694	9	18	3	0.5253
4695	6	15	2	0.4914
4696	9	23	2	0.5564
4697	6	19	3	0.5618
4698	6	18	5	0.5470
4699	6	26	1	0.3401
4700	7	20	2	0.5200
4701	9	15	2	0.6476
4702	6	17	1	0.5402
4703	6	14	4	0.6204
4704	6	10	3	0.6276
4705	6	24	2	0.5474
4706	6	33	1	0.3237
4707	7	13	4	0.5627
4708	5	13	7	0.6048
4709	6	14	8	0.4446
4710	6	31	1	0.4130
4711	6	17	3	0.4524
4712	6	10	2	0.5578
4713	5	14	7	0.5093
4714	6	18	2	0.4927
4715	7	31	2	0.4320
4716	6	12	4	0.6085
4717	6	13	6	0.5283
4718	6	21	2	0.4863
4719	10	18	5	0.4508
4720	6	14	4	0.6192
4721	6	17	4	0.4294
4722	6	22	1	0.3046
4723	6	35	0	0.3058
4724	6	31	0	0.3327
4725	6	20	1	0.5766
4726	7	18	3	0.5379
4727	7	11	2	0.5915
4728	7	15	2	0.5900
4729	6	14	4	0.5045
4730	7	21	3	0.5596
4731	6	27	6	0.4321
4732	7	19	2	0.6295
4733	6	12	4	0.5451
4734	6	16	2	0.5381
4735	6	11	7	0.5248
4736	8	13	3	0.5055
4737	7	14	2	0.5957
4738	6	38	0	0.2756
4739	7	31	2	0.4358
4740	6	29	0	0.3176
4741	6	12	1	0.6053
4742	7	27	2	0.4623
4743	6	23	1	0.4090
4744	6	17	4	0.6323
4745	6	19	1	0.4252
4746	7	18	0	0.0000
4747	6	42	0	0.0000
4748	6	16	4	0.5409
4749	6	16	5	0.5395
4750	6	24	1	0.5236
4751	6	20	2	0.5049
4752	6	18	5	0.5263
4753	5	13	4	0.5506
4754	6	31	0	0.0000
4755	6	10	3	0.5922
4756	6	15	4	0.5877
4757	6	14	8	0.4509
4758	6	18	6	0.5057
4759	6	6	2	0.4252
4760	50	9	1	0.5945
4761	6	22	5	0.4759
4762	6	21	3	0.5348
4763	6	31	3	0.4646
4764	6	15	2	0.6021
4765	6	19	4	0.6257
4766	6	16	7	0.4867
4767	7	24	3	0.4374
4768	7	15	2	0.6146
4769	6	29	0	0.0473
4770	8	18	1	0.5354
4771	8	16	5	0.4238
4772	6	23	2	0.5085
4773	6	14	5	0.5153
4774	7	25	5	0.4311
4775	8	19	2	0.4380
4776	6	10	1	0.6496
4777	7	23	3	0.4772
4778	50	14	2	0.4499
4779	6	16	5	0.5442
4780	7	13	1	0.5538
4781	5	17	4	0.5768
4782	7	15	4	0.5008
4783	6	13	5	0.5064
4784	6	28	1	0.3449
4785	7	12	3	0.5983
4786	6	12	1	0.5164
4787	7	15	3	0.5282
4788	8	17	4	0.5572
4789	7	16	5	0.4873
4790	6	28	0	0.1747
4791	8	14	3	0.4935
4792	7	17	4	0.5173
4793	6	28	2	0.4471
4794	5	13	4	0.5506
4795	7	25	3	0.4785
4796	6	16	7	0.4893
4797	6	31	6	0.4636
4798	6	24	7	0.4480
4799	6	15	2	0.5971
4800	6	37	2	0.3556
4801	7	9	4	0.5490
4802	7	17	3	0.5691
4803	6	17	1	0.5451
4804	6	17	3	0.5222
4805	6	22	2	0.5428
4806	6	17	3	0.5775
4807	6	21	2	0.4928
4808	8	17	2	0.5495
4809	7	19	3	0.4925
4810	50	7	1	0.5357
4811	6	16	2	0.5518
4812	6	27	3	0.4414
4813	6	18	7	0.4778
4814	6	30	3	0.3723
4815	7	11	2	0.6009
4816	6	18	6	0.5672
4817	5	10	6	0.5443
4818	6	17	1	0.5003
4819	7	18	5	0.5090
4820	6	16	3	0.5613
4821	7	11	2	0.5382
4822	6	24	1	0.4377
4823	7	18	3	0.5087
4824	9	18	3	0.5525
4825	7	19	2	0.4348
4826	7	12	4	0.4622
4827	6	19	4	0.5296
4828	6	22	2	0.4853
4829	7	14	1	0.5001
4830	6	20	1	0.5647
4831	6	22	1	0.4972
4832	6	18	2	0.5214
4833	6	20	2	0.5073
4834	7	16	4	0.4547
4835	6	17	4	0.5705
4836	6	16	3	0.5779
4837	6	21	2	0.4416
4838	6	27	1	0.4150
4839	6	17	4	0.5344
4840	6	53	0	0.0000
4841	7	13	4	0.5206
4842	7	31	0	0.3194
4843	8	17	2	0.4546
4844	6	23	1	0.4316
4845	6	21	3	0.5506
4846	13	17	2	0.6249
4847	7	17	4	0.5621
4848	6	17	6	0.4777
4849	10	13	2	0.6572
4850	6	18	4	0.5354
4851	7	23	1	0.4337
4852	6	13	6	0.5712
4853	6	15	5	0.4658
4854	6	33	0	0.1647
4855	6	18	2	0.4518
4856	15	24	1	0.5539
4857	7	16	4	0.5757
4858	8	14	4	0.5410
4859	6	23	4	0.4837
4860	5	16	8	0.4492
4861	6	28	1	0.4447
4862	6	19	2	0.5234
4863	6	37	0	0.0456
4864	6	23	2	0.4458
4865	6	34	0	0.2100
4866	6	11	3	0.5474
4867	10	10	4	0.5275
4868	5	13	3	0.5197
4869	15	15	3	0.6587
4870	6	48	0	0.0000
4871	6	24	1	0.4270
4872	5	24	7	0.5135
4873	7	18	3	0.5700
4874	6	24	1	0.4910
4875	8	15	4	0.5426
4876	6	29	3	0.4250
4877	5	9	7	0.3557
4878	7	25	0	0.2143
4879	6	25	4	0.4797
4880	7	14	2	0.5355
4881	6	16	8	0.5491
4882	6	19	3	0.5596
4883	6	19	8	0.4911
4884	6	15	9	0.3299
4885	7	28	2	0.4203
4886	7	22	2	0.5252
4887	6	40	0	0.0205
4888	6	17	3	0.5452
4889	6	14	1	0.5306
4890	7	16	1	0.5387
4891	8	11	5	0.5279
4892	6	23	5	0.4947
4893	6	15	5	0.5314
4894	6	28	1	0.4114
4895	7	22	3	0.4688
4896	10	15	4	0.5432
4897	6	19	6	0.4659
4898	6	28	0	0.1683
4899	6	22	3	0.5513
4900	6	26	1	0.4654
4901	7	19	5	0.4809
4902	6	37	0	0.0365
4903	6	29	2	0.4419
4904	6	24	4	0.4263
4905	6	20	6	0.4307
4906	7	22	2	0.4440
4907	6	25	0	0.0939
4908	5	15	4	0.5069
4909	6	25	2	0.3905
4910	6	28	3	0.4181
4911	7	18	5	0.4633
4912	6	47	0	0.2204
4913	6	26	2	0.4269
4914	6	15	2	0.4286
4915	6	21	5	0.4841
4916	6	15	3	0.5644
4917	6	17	4	0.5187
4918	9	11	2	0.6518
4919	7	13	6	0.5319
4920	6	15	1	0.6229
4921	6	14	2	0.5832
4922	8	16	2	0.5007
4923	5	19	5	0.5101
4924	6	19	1	0.4461
4925	7	15	4	0.4431
4926	6	16	3	0.5416
4927	6	18	3	0.5526
4928	6	24	4	0.4302
4929	6	28	1	0.1481
4930	6	16	0	0.1383
4931	6	31	1	0.4018
4932	6	12	2	0.5811
4933	6	28	2	0.4084
4934	13	14	2	0.5615
4935	6	33	1	0.3312
4936	6	35	0	0.0000
4937	7	17	3	0.5912
4938	6	16	6	0.4639
4939	6	21	5	0.5354
4940	6	18	4	0.5282
4941	7	12	5	0.4464
4942	6	40	0	0.3499
4943	6	18	4	0.5793
4944	6	30	3	0.4772
4945	8	15	2	0.5432
4946	6	22	3	0.5307
4947	6	44	0	0.0000
4948	6	37	0	0.0000
4949	6	16	2	0.5855
4950	6	14	5	0.4038
4951	5	17	5	0.5852
4952	7	25	2	0.5678
4953	6	21	2	0.5370
4954	6	17	4	0.5193
4955	7	18	4	0.5295
4956	6	39	0	0.1897
4957	6	17	3	0.5408
4958	6	29	1	0.4022
4959	6	11	3	0.6217
4960	6	28	1	0.4075
4961	6	19	6	0.4761
4962	6	19	4	0.5665
4963	6	12	6	0.4815
4964	6	56	0	0.1480
4965	7	40	3	0.4432
4966	6	38	0	0.0000
4967	7	19	4	0.5421
4968	6	24	2	0.4071
4969	6	32	5	0.4596
4970	6	9	2	0.6735
4971	7	26	1	0.4455
4972	7	18	3	0.4722
4973	6	22	2	0.5484
4974	6	14	4	0.5483
4975	34	25	2	0.6579
4976	6	28	7	0.4239
4977	6	28	1	0.4228
4978	6	13	6	0.4591
4979	6	14	3	0.4881
4980	6	41	0	0.0000
4981	10	15	5	0.5473
4982	6	27	0	0.3789
4983	10	11	2	0.5355
4984	7	18	2	0.5142
4985	6	15	4	0.5011
4986	7	14	1	0.5157
4987	6	15	2	0.5142
4988	6	17	4	0.5856
4989	6	14	6	0.4495
4990	8	14	5	0.5026
4991	7	14	6	0.4999
4992	9	8	3	0.5919
4993	6	14	6	0.5047
4994	20	14	0	0.6585
4995	7	13	5	0.4327
4996	6	34	1	0.3773
4997	6	15	2	0.5835
4998	6	23	1	0.4803
4999	6	13	6	0.4855
5000	6	13	5	0.5761
