sim	per	nosc	ntonic	NED
1	20	5	6	0.4115
2	8	11	3	0.5002
3	50	9	4	0.3320
4	8	12	3	0.3692
5	12	19	3	0.4289
6	9	11	3	0.4679
7	8	11	2	0.4110
8	34	13	1	0.4875
9	7	14	2	0.4349
10	8	12	1	0.3960
11	7	23	4	0.3942
12	8	9	7	0.4136
13	6	12	3	0.5623
14	8	14	4	0.4926
15	7	6	0	0.6142
16	7	9	3	0.5348
17	6	11	3	0.6246
18	6	13	2	0.5005
19	6	12	3	0.5414
20	6	21	4	0.4339
21	6	18	2	0.4077
22	6	8	4	0.4270
23	6	14	5	0.5315
24	6	14	2	0.4700
25	6	13	6	0.4767
26	6	12	2	0.5105
27	5	9	8	0.3697
28	6	27	1	0.4123
29	5	15	2	0.5196
30	5	12	3	0.5171
31	6	34	1	0.3160
32	5	16	0	0.4634
33	5	19	2	0.4679
34	5	12	1	0.5479
35	5	17	5	0.4566
36	5	30	0	0.3335
37	6	31	0	0.3359
38	5	37	0	0.3088
39	6	23	6	0.4289
40	5	16	3	0.4893
41	50	12	1	0.5380
42	8	6	12	0.2337
43	50	7	4	0.3100
44	50	7	0	0.6968
45	50	10	4	0.8688
46	50	15	2	0.4414
47	12	11	1	0.1907
48	50	8	2	0.4306
49	20	5	12	0.1258
50	10	6	1	0.4097
51	50	5	2	0.5320
52	50	10	0	0.5655
53	8	5	1	0.5910
54	13	14	6	0.3913
55	7	3	9	0.4025
56	8	9	5	0.4561
57	7	7	1	0.4416
58	8	12	1	0.4450
59	9	16	3	0.3799
60	50	5	5	0.2048
61	17	10	5	0.5488
62	9	10	3	0.3918
63	10	12	3	0.5622
64	9	8	5	0.4045
65	34	12	4	0.4333
66	9	15	21	0.2549
67	10	9	4	0.4113
68	8	16	3	0.4946
69	7	12	4	0.5115
70	7	11	7	0.4524
71	5	9	4	0.6038
72	6	9	6	0.5004
73	6	9	2	0.4820
74	6	6	9	0.4313
75	7	11	5	0.5090
76	6	10	5	0.5253
77	10	12	6	0.4779
78	6	9	7	0.4373
79	6	21	4	0.3993
80	5	8	12	0.4822
81	8	8	2	0.7300
82	6	12	5	0.4419
83	50	14	2	0.5658
84	6	17	5	0.4817
85	7	15	2	0.4992
86	6	8	9	0.4576
87	6	14	7	0.4393
88	6	16	4	0.5181
89	7	11	4	0.5726
90	7	27	1	0.4385
91	6	10	2	0.6218
92	6	25	4	0.4546
93	6	10	5	0.4876
94	13	12	2	0.5875
95	8	12	7	0.3497
96	7	11	2	0.5906
97	6	17	3	0.6210
98	5	10	4	0.6138
99	6	20	7	0.4778
100	5	21	2	0.4924
101	6	35	1	0.3920
102	6	20	2	0.5165
103	8	19	3	0.5176
104	6	36	0	0.3524
105	6	26	0	0.5062
106	5	29	6	0.4435
107	6	17	1	0.4616
108	6	13	6	0.4888
109	5	34	2	0.4569
110	6	38	0	0.3192
111	5	22	4	0.4203
112	6	29	2	0.5191
113	5	33	1	0.3899
114	6	35	1	0.3553
115	6	17	5	0.4673
116	5	36	0	0.1726
117	5	44	0	0.3101
118	5	53	0	0.2184
119	5	35	0	0.3230
120	5	44	0	0.2063
121	13	17	3	0.5216
122	8	16	3	0.5606
123	6	15	9	0.3463
124	6	27	4	0.4999
125	7	13	3	0.5747
126	5	14	7	0.5687
127	10	11	5	0.4655
128	7	20	5	0.4936
129	6	23	1	0.4766
130	6	19	1	0.4933
131	6	52	0	0.2668
132	6	16	3	0.6377
133	6	26	0	0.3460
134	6	19	3	0.5872
135	6	32	1	0.4515
136	5	35	1	0.2003
137	6	50	0	0.2761
138	5	10	6	0.5382
139	6	36	1	0.3939
140	6	38	0	0.3602
141	5	32	1	0.3822
142	5	25	2	0.5253
143	6	15	3	0.4972
144	6	15	4	0.5564
145	5	18	3	0.5687
146	5	17	3	0.5518
147	6	15	3	0.4909
148	5	28	2	0.5064
149	5	43	1	0.2315
150	5	43	0	0.2464
151	6	49	0	0.3068
152	6	31	5	0.4532
153	6	20	3	0.5605
154	5	35	0	0.3961
155	5	43	0	0.3079
156	5	37	1	0.3697
157	5	34	0	0.3657
158	5	49	1	0.2870
159	5	51	0	0.1305
160	5	38	0	0.3669
161	8	16	2	0.7010
162	6	15	3	0.5938
163	7	23	2	0.5893
164	7	23	1	0.5698
165	7	22	2	0.5688
166	6	16	3	0.5354
167	8	17	2	0.5247
168	7	20	0	0.4847
169	6	52	1	0.3264
170	6	32	1	0.4562
171	6	18	9	0.4452
172	5	17	3	0.6045
173	6	12	5	0.5491
174	6	17	1	0.6494
175	6	21	3	0.5447
176	6	20	1	0.5806
177	6	27	1	0.4594
178	5	29	1	0.4640
179	6	22	2	0.5035
180	6	11	1	0.4999
181	5	24	2	0.5209
182	6	39	0	0.3514
183	5	31	0	0.3979
184	6	32	1	0.5060
185	5	18	5	0.5647
186	5	46	0	0.3049
187	5	24	4	0.5247
188	6	48	0	0.3208
189	5	33	0	0.3389
190	5	48	0	0.2329
191	5	56	0	0.2599
192	6	25	3	0.4817
193	5	38	0	0.3943
194	5	33	1	0.4152
195	5	44	0	0.3605
196	5	61	0	0.2930
197	5	61	0	0.1053
198	5	60	0	0.1337
199	5	37	1	0.2543
200	5	40	1	0.3920
201	8	23	3	0.5716
202	7	27	0	0.5527
203	6	21	2	0.6570
204	6	31	2	0.4736
205	6	32	1	0.4831
206	6	26	1	0.5295
207	6	49	2	0.4576
208	6	20	4	0.5231
209	7	19	2	0.6060
210	6	24	2	0.5390
211	6	27	2	0.5457
212	6	21	1	0.5940
213	6	43	0	0.3990
214	6	51	0	0.3351
215	6	41	0	0.3764
216	6	47	0	0.3061
217	6	37	0	0.4401
218	6	32	1	0.4330
219	5	37	0	0.3649
220	5	40	0	0.3659
221	6	34	3	0.4688
222	6	27	1	0.5134
223	5	42	0	0.3530
224	5	59	1	0.2856
225	6	30	1	0.5259
226	5	49	0	0.2575
227	6	66	0	0.2119
228	6	20	3	0.5888
229	5	38	2	0.4379
230	5	36	0	0.1554
231	5	47	0	0.3138
232	5	57	0	0.3111
233	5	62	0	0.1684
234	5	55	0	0.2765
235	5	46	0	0.1294
236	5	59	0	0.1616
237	5	53	0	0.3278
238	5	36	1	0.4761
239	5	39	1	0.3905
240	5	69	0	0.1103
241	9	16	2	0.6893
242	7	31	1	0.5177
243	7	17	1	0.4735
244	6	37	1	0.4470
245	6	49	0	0.3897
246	6	73	0	0.1754
247	6	28	3	0.5508
248	6	18	3	0.5500
249	6	20	2	0.6251
250	6	51	0	0.3335
251	6	52	0	0.3280
252	6	46	0	0.2717
253	5	27	2	0.5890
254	6	45	0	0.3447
255	5	17	1	0.6130
256	5	25	3	0.5727
257	6	33	1	0.4836
258	6	48	0	0.3522
259	5	40	0	0.3099
260	6	41	0	0.3881
261	6	44	1	0.3978
262	6	24	2	0.6031
263	5	51	0	0.2371
264	6	40	1	0.4137
265	5	43	0	0.1569
266	6	43	0	0.3905
267	6	22	2	0.6096
268	5	45	0	0.2348
269	5	54	0	0.2905
270	5	49	0	0.2870
271	5	47	0	0.3509
272	5	64	0	0.2811
273	5	62	0	0.2264
274	5	75	0	0.0815
275	5	58	0	0.2153
276	5	55	0	0.1366
277	5	55	0	0.2096
278	5	64	0	0.2689
279	5	64	0	0.0980
280	5	64	0	0.1238
281	6	42	1	0.4322
282	5	26	1	0.6367
283	6	28	1	0.5496
284	6	29	1	0.5346
285	6	35	1	0.5717
286	6	47	0	0.3742
287	6	48	0	0.3760
288	6	31	0	0.4402
289	6	21	1	0.5939
290	6	45	1	0.4340
291	6	38	0	0.4539
292	5	34	2	0.5261
293	5	22	1	0.5976
294	6	30	2	0.5600
295	6	25	1	0.5424
296	6	47	0	0.3706
297	6	33	2	0.4971
298	6	64	0	0.2387
299	6	45	1	0.3866
300	6	40	0	0.4253
301	6	71	0	0.2762
302	6	66	0	0.2567
303	5	33	2	0.4666
304	5	59	0	0.2772
305	5	43	0	0.1855
306	5	41	0	0.3487
307	5	60	0	0.2817
308	5	48	0	0.3370
309	5	44	0	0.2836
310	5	62	0	0.2848
311	5	70	0	0.0804
312	5	71	0	0.2676
313	5	69	0	0.1192
314	5	55	0	0.1198
315	5	69	0	0.1087
316	5	65	0	0.1069
317	5	79	0	0.1219
318	5	74	1	0.1130
319	5	82	0	0.0625
320	5	70	0	0.0881
321	7	48	0	0.4306
322	6	35	3	0.5565
323	6	25	2	0.6411
324	6	36	2	0.5334
325	6	19	2	0.6762
326	6	40	0	0.4928
327	6	38	0	0.4716
328	6	58	0	0.2562
329	6	34	2	0.5239
330	6	33	1	0.5307
331	6	35	0	0.4107
332	6	48	0	0.3409
333	6	57	0	0.3329
334	6	28	2	0.5993
335	7	28	1	0.5798
336	6	30	2	0.5550
337	6	26	2	0.5339
338	6	60	0	0.2707
339	5	55	0	0.3053
340	5	41	1	0.4390
341	6	38	0	0.4525
342	5	52	0	0.1889
343	5	36	0	0.4310
344	5	66	0	0.1806
345	5	50	0	0.3888
346	5	52	0	0.1778
347	5	54	0	0.1561
348	5	54	0	0.2078
349	5	58	0	0.1691
350	5	61	0	0.2887
351	5	57	0	0.2700
352	5	64	0	0.2711
353	5	70	0	0.1408
354	5	69	0	0.0918
355	5	54	0	0.2977
356	5	73	0	0.1947
357	5	56	0	0.3440
358	5	71	0	0.0835
359	5	80	0	0.0767
360	5	77	0	0.1127
361	5	42	2	0.4914
362	6	36	0	0.3842
363	6	26	2	0.5812
364	6	77	0	0.2075
365	6	40	1	0.4645
366	6	35	0	0.4937
367	6	60	0	0.2668
368	6	51	0	0.3319
369	6	53	0	0.2918
370	6	66	0	0.2857
371	6	38	0	0.4916
372	6	53	0	0.3136
373	6	54	0	0.3675
374	6	57	0	0.2931
375	6	62	0	0.3018
376	6	34	0	0.5042
377	5	48	0	0.3021
378	5	44	0	0.3588
379	6	61	0	0.2894
380	5	45	1	0.4405
381	6	42	0	0.4636
382	5	32	1	0.4940
383	5	60	0	0.1336
384	5	63	0	0.1161
385	5	55	0	0.1667
386	5	66	0	0.0823
387	5	62	0	0.1242
388	5	63	0	0.2507
389	5	53	0	0.1810
390	5	69	0	0.0928
391	5	72	0	0.1717
392	6	40	1	0.4713
393	5	57	0	0.1671
394	5	59	0	0.3095
395	5	61	0	0.1928
396	5	74	0	0.0923
397	5	67	0	0.1091
398	5	74	0	0.0963
399	5	66	0	0.0971
400	5	75	0	0.1606
401	7	39	1	0.5832
402	6	55	0	0.3946
403	6	53	0	0.4222
404	6	39	1	0.5235
405	6	46	1	0.4636
406	6	28	1	0.5920
407	6	38	0	0.4068
408	6	44	0	0.3181
409	6	63	0	0.3280
410	6	64	0	0.2887
411	6	67	0	0.3045
412	6	38	1	0.4578
413	6	61	0	0.3147
414	6	37	2	0.5380
415	5	52	0	0.2696
416	5	83	0	0.2094
417	5	48	0	0.3874
418	5	62	0	0.2430
419	5	58	0	0.1829
420	5	60	0	0.1266
421	5	42	2	0.4428
422	5	51	0	0.4297
423	5	52	0	0.1577
424	6	30	0	0.5114
425	6	64	0	0.3473
426	5	52	0	0.2034
427	5	69	0	0.2221
428	5	65	0	0.1213
429	5	71	0	0.1251
430	5	71	0	0.1082
431	5	63	0	0.1882
432	5	74	0	0.1045
433	5	75	0	0.1214
434	5	61	0	0.1546
435	5	83	0	0.0850
436	5	65	0	0.1931
437	5	75	0	0.0679
438	5	59	1	0.3633
439	5	75	0	0.0994
440	5	69	0	0.1240
441	6	57	0	0.2960
442	7	37	0	0.5176
443	7	37	0	0.5264
444	6	52	0	0.4612
445	6	42	1	0.4919
446	6	32	3	0.5590
447	6	42	0	0.4914
448	6	60	0	0.3339
449	6	55	0	0.4054
450	6	51	0	0.4117
451	5	52	1	0.2488
452	6	68	0	0.2751
453	5	53	0	0.3308
454	5	55	1	0.4277
455	6	37	0	0.4225
456	6	30	1	0.5572
457	6	59	0	0.3127
458	5	58	0	0.2796
459	5	63	0	0.2683
460	5	59	0	0.2853
461	5	56	0	0.2303
462	6	53	0	0.3586
463	5	72	0	0.2541
464	5	49	1	0.3882
465	5	77	0	0.0946
466	5	58	0	0.1354
467	5	37	1	0.5108
468	5	60	0	0.2210
469	5	78	0	0.0865
470	5	57	0	0.3139
471	5	76	0	0.0935
472	5	66	0	0.2720
473	5	55	0	0.2118
474	5	77	0	0.2482
475	5	58	0	0.3582
476	5	76	0	0.1093
477	5	79	0	0.1126
478	5	84	0	0.0788
479	5	77	0	0.1240
480	5	71	0	0.0752
481	7	39	0	0.5714
482	5	33	4	0.5027
483	6	70	0	0.3215
484	6	39	1	0.5631
485	6	38	0	0.3461
486	6	55	0	0.3429
487	6	53	0	0.3625
488	6	60	0	0.3665
489	6	50	0	0.4489
490	6	47	1	0.4656
491	6	60	0	0.3390
492	6	58	0	0.3430
493	6	62	0	0.3093
494	6	54	0	0.3397
495	6	52	0	0.3663
496	5	60	0	0.2967
497	5	59	0	0.3418
498	5	63	0	0.2992
499	5	58	0	0.2685
500	5	70	0	0.2455
501	6	69	0	0.3103
502	5	67	0	0.1059
503	6	61	0	0.2790
504	5	59	0	0.3003
505	5	58	0	0.3174
506	5	46	0	0.4217
507	5	71	0	0.1201
508	5	75	0	0.1148
509	5	69	0	0.1207
510	5	75	0	0.1603
511	5	76	0	0.1078
512	5	75	0	0.1039
513	5	69	0	0.1477
514	5	82	0	0.0730
515	5	81	0	0.1116
516	5	78	0	0.2044
517	5	87	0	0.0878
518	5	73	0	0.0889
519	5	75	0	0.1316
520	5	72	0	0.1309
521	7	39	0	0.5498
522	7	57	0	0.2988
523	6	41	1	0.5636
524	6	74	0	0.2254
525	6	76	0	0.2697
526	6	67	0	0.1975
527	6	48	1	0.4382
528	6	61	0	0.3697
529	6	40	0	0.4325
530	6	63	0	0.3000
531	6	33	1	0.6100
532	6	86	0	0.2362
533	5	46	1	0.4757
534	5	81	0	0.2195
535	6	53	0	0.3607
536	5	51	0	0.3382
537	6	50	0	0.3432
538	5	53	0	0.3062
539	5	69	0	0.3059
540	5	65	0	0.2786
541	5	55	0	0.2953
542	5	45	1	0.5362
543	5	67	0	0.1244
544	5	65	0	0.1151
545	5	71	0	0.1033
546	5	75	0	0.1249
547	5	77	0	0.1751
548	5	72	0	0.1388
549	5	70	0	0.1097
550	5	46	0	0.4168
551	5	80	0	0.1382
552	5	76	0	0.1683
553	5	79	0	0.1037
554	5	85	0	0.0723
555	5	86	0	0.0959
556	5	84	0	0.0665
557	5	79	0	0.0963
558	5	83	0	0.0854
559	5	81	0	0.1234
560	5	83	0	0.0699
561	6	54	0	0.4279
562	6	38	0	0.5393
563	6	55	1	0.4461
564	6	72	0	0.2626
565	6	70	0	0.2978
566	6	73	0	0.2974
567	6	57	0	0.2709
568	6	45	1	0.4130
569	6	53	0	0.3831
570	6	70	0	0.2581
571	6	45	0	0.4280
572	6	61	0	0.2960
573	6	51	0	0.3691
574	5	78	0	0.1792
575	5	66	0	0.2725
576	6	80	0	0.2170
577	5	64	0	0.2854
578	6	61	0	0.3028
579	6	49	0	0.3750
580	5	67	0	0.1577
581	6	49	0	0.3413
582	5	59	0	0.2887
583	5	67	0	0.2466
584	6	62	0	0.2797
585	5	59	0	0.3142
586	5	71	0	0.1823
587	5	77	0	0.2446
588	5	73	0	0.1746
589	5	71	0	0.1228
590	5	60	0	0.1701
591	5	78	0	0.1107
592	5	70	0	0.1198
593	5	79	0	0.1086
594	5	66	0	0.1338
595	5	78	0	0.0861
596	5	83	0	0.0932
597	5	87	0	0.0668
598	5	89	0	0.0913
599	5	82	0	0.0956
600	5	76	0	0.1247
601	6	35	1	0.5781
602	6	38	0	0.4522
603	6	74	0	0.2810
604	6	46	0	0.4534
605	6	45	0	0.4846
606	6	62	0	0.3900
607	6	63	0	0.2600
608	6	61	0	0.2718
609	6	80	0	0.2632
610	6	39	0	0.4921
611	6	58	0	0.3926
612	6	65	0	0.2789
613	6	65	0	0.3213
614	6	54	0	0.3317
615	5	59	0	0.3403
616	5	76	0	0.2581
617	5	60	0	0.2912
618	5	52	0	0.1678
619	5	70	0	0.1594
620	6	61	0	0.3551
621	5	52	1	0.3682
622	5	76	0	0.1263
623	5	67	0	0.1743
624	5	73	0	0.1195
625	5	56	0	0.1490
626	5	39	0	0.1336
627	5	75	0	0.1296
628	5	63	0	0.1661
629	5	81	0	0.1047
630	5	66	0	0.2047
631	5	86	0	0.0984
632	5	77	0	0.0940
633	5	87	0	0.0943
634	5	85	0	0.0839
635	5	92	0	0.0779
636	5	83	0	0.1066
637	5	88	0	0.1079
638	5	66	0	0.1349
639	5	87	0	0.1038
640	5	75	0	0.2173
641	7	45	0	0.5840
642	8	46	0	0.5951
643	6	65	0	0.3103
644	6	57	0	0.3919
645	6	55	0	0.3227
646	6	65	0	0.3232
647	6	48	0	0.4537
648	6	56	0	0.3249
649	6	78	0	0.1977
650	6	87	0	0.2527
651	5	32	2	0.5684
652	6	40	0	0.5147
653	5	56	0	0.2734
654	6	91	0	0.2270
655	6	72	0	0.2443
656	5	58	0	0.2811
657	5	63	0	0.3242
658	5	61	0	0.3072
659	5	61	0	0.1747
660	5	64	0	0.1171
661	5	69	0	0.1131
662	5	57	0	0.3639
663	5	61	0	0.1362
664	5	65	0	0.3287
665	5	66	0	0.1490
666	5	61	0	0.3473
667	5	84	0	0.0725
668	5	77	0	0.1067
669	5	76	0	0.1146
670	5	76	0	0.1201
671	5	78	0	0.1138
672	5	81	0	0.1050
673	5	75	0	0.1237
674	5	85	0	0.0911
675	5	88	0	0.1096
676	5	86	0	0.1284
677	5	92	0	0.0808
678	5	89	0	0.0740
679	5	87	0	0.2041
680	5	73	0	0.1087
681	7	48	0	0.4946
682	6	57	0	0.4397
683	6	59	0	0.3723
684	6	70	0	0.3130
685	6	84	0	0.2560
686	6	86	0	0.1965
687	6	66	0	0.2728
688	6	71	0	0.2517
689	6	81	0	0.2591
690	6	26	2	0.6119
691	5	76	0	0.2848
692	6	55	0	0.3585
693	6	89	0	0.2251
694	6	38	0	0.5307
695	5	65	0	0.1666
696	5	72	0	0.2870
697	5	71	0	0.2658
698	5	65	0	0.1173
699	5	66	0	0.2354
700	5	57	0	0.3378
701	5	61	0	0.2335
702	5	81	0	0.1488
703	5	74	0	0.1151
704	5	60	0	0.3516
705	5	90	0	0.0718
706	5	88	0	0.1101
707	5	69	0	0.2655
708	5	80	0	0.1102
709	5	86	0	0.0691
710	5	74	0	0.1075
711	5	83	0	0.1010
712	5	75	0	0.0909
713	5	86	0	0.0831
714	5	82	0	0.0968
715	5	93	0	0.0677
716	5	86	0	0.0693
717	5	88	0	0.0908
718	5	86	0	0.0582
719	5	85	0	0.0866
720	5	94	0	0.0823
721	6	80	0	0.2472
722	6	66	0	0.3291
723	6	72	0	0.2960
724	6	94	0	0.1929
725	6	43	1	0.5358
726	6	42	1	0.4965
727	6	75	0	0.2193
728	6	70	0	0.3243
729	6	72	0	0.3004
730	6	65	0	0.3272
731	6	73	0	0.2764
732	6	76	0	0.2859
733	6	60	0	0.3811
734	6	65	0	0.2772
735	5	76	0	0.1584
736	5	71	0	0.3287
737	5	61	0	0.2725
738	5	67	0	0.2812
739	6	81	0	0.2861
740	5	58	0	0.3073
741	5	70	0	0.1660
742	5	71	0	0.2963
743	5	93	0	0.2214
744	5	84	0	0.1108
745	5	59	0	0.1940
746	5	82	0	0.2335
747	5	91	0	0.0708
748	5	72	0	0.1371
749	5	88	0	0.0663
750	5	92	0	0.0730
751	5	78	0	0.1180
752	5	87	0	0.0895
753	5	80	0	0.0979
754	5	81	0	0.1230
755	5	85	0	0.0916
756	5	78	0	0.1256
757	5	94	0	0.0731
758	5	85	0	0.0601
759	5	94	0	0.0748
760	5	90	0	0.0616
761	6	55	0	0.4744
762	6	77	0	0.2854
763	7	39	0	0.5519
764	6	81	0	0.2613
765	6	50	0	0.5140
766	6	45	1	0.5146
767	6	81	0	0.2097
768	6	85	0	0.2318
769	6	63	0	0.3218
770	6	77	0	0.2539
771	6	57	0	0.3804
772	6	59	0	0.3399
773	5	63	0	0.3512
774	6	83	0	0.2435
775	6	71	0	0.3108
776	6	42	0	0.3972
777	5	79	0	0.2655
778	5	55	0	0.3569
779	5	77	0	0.2390
780	5	90	0	0.1974
781	6	43	0	0.4308
782	5	70	0	0.1620
783	5	74	0	0.2736
784	5	80	0	0.2530
785	5	75	0	0.1179
786	5	83	0	0.1199
787	5	65	0	0.2681
788	5	86	0	0.0748
789	5	89	0	0.0725
790	5	70	0	0.3234
791	5	85	0	0.1037
792	5	84	0	0.0996
793	5	80	0	0.2537
794	5	90	0	0.0827
795	5	86	0	0.1069
796	5	82	0	0.0986
797	5	86	0	0.0652
798	5	97	0	0.0518
799	5	91	0	0.0649
800	5	95	0	0.0711
801	6	64	0	0.4262
802	6	63	0	0.4589
803	6	40	1	0.5599
804	6	76	0	0.2967
805	6	55	0	0.4451
806	6	66	0	0.3036
807	6	72	0	0.3555
808	6	81	0	0.2652
809	6	52	0	0.2985
810	6	79	0	0.3047
811	6	33	1	0.6010
812	6	48	0	0.4800
813	5	80	0	0.2531
814	6	38	0	0.4368
815	6	72	0	0.2918
816	6	63	0	0.3187
817	5	67	0	0.3090
818	6	68	0	0.3243
819	6	70	0	0.2932
820	5	70	0	0.3030
821	5	71	0	0.2227
822	5	80	0	0.1115
823	5	72	0	0.2250
824	5	83	0	0.1141
825	5	80	0	0.1122
826	5	94	0	0.0879
827	5	74	0	0.1834
828	5	83	0	0.0910
829	5	61	0	0.3682
830	5	89	0	0.0865
831	5	71	0	0.2336
832	5	70	0	0.1288
833	5	93	0	0.0734
834	5	85	0	0.0915
835	5	79	0	0.0845
836	5	92	0	0.0704
837	5	93	0	0.0664
838	5	93	0	0.0798
839	5	95	0	0.0522
840	5	93	0	0.0716
841	6	83	0	0.2971
842	6	69	0	0.2964
843	6	65	0	0.4266
844	6	52	0	0.3875
845	6	70	0	0.3689
846	6	63	0	0.3257
847	6	74	0	0.2514
848	5	60	1	0.4480
849	6	80	0	0.2857
850	6	71	0	0.2838
851	5	74	0	0.3011
852	6	64	0	0.3361
853	5	66	1	0.4036
854	6	67	0	0.3421
855	6	77	0	0.2750
856	5	61	0	0.1892
857	6	82	0	0.2415
858	5	84	0	0.1930
859	5	64	0	0.2989
860	5	90	0	0.1795
861	6	75	0	0.3072
862	5	77	0	0.2430
863	5	68	0	0.2981
864	5	79	0	0.0864
865	5	73	0	0.1380
866	5	88	0	0.2368
867	5	78	0	0.2685
868	5	83	0	0.0721
869	5	92	0	0.0762
870	5	90	0	0.0924
871	5	87	0	0.1234
872	5	69	0	0.3084
873	5	90	0	0.0827
874	5	89	0	0.1104
875	5	89	0	0.0904
876	5	83	0	0.1208
877	5	85	0	0.1062
878	5	91	0	0.0810
879	5	94	0	0.0752
880	5	89	0	0.1011
881	6	84	0	0.3279
882	6	49	0	0.4490
883	6	70	0	0.3054
884	6	97	0	0.1810
885	6	73	0	0.2814
886	6	71	0	0.2493
887	6	88	0	0.2420
888	6	48	0	0.4385
889	6	72	0	0.3122
890	6	76	0	0.2647
891	6	76	0	0.3396
892	6	75	0	0.2810
893	6	75	0	0.2682
894	5	80	0	0.2329
895	6	66	0	0.3562
896	5	73	0	0.3029
897	5	64	0	0.1334
898	6	90	0	0.2197
899	5	80	0	0.1469
900	5	77	0	0.2415
901	5	71	0	0.2953
902	5	72	0	0.2096
903	5	87	0	0.2261
904	5	70	0	0.1238
905	5	69	0	0.3610
906	5	92	0	0.0760
907	5	83	0	0.0961
908	5	74	0	0.3247
909	5	80	0	0.2028
910	5	80	0	0.0971
911	5	89	0	0.1908
912	5	92	0	0.0665
913	5	87	0	0.0863
914	5	93	0	0.0764
915	5	92	0	0.0772
916	5	90	0	0.0929
917	5	91	0	0.1026
918	5	89	0	0.0871
919	5	98	0	0.0672
920	5	97	0	0.0677
921	8	58	0	0.4382
922	6	73	0	0.3163
923	6	84	0	0.2636
924	7	52	0	0.4239
925	6	80	0	0.1801
926	6	57	0	0.3879
927	6	51	0	0.4769
928	6	80	0	0.2494
929	6	57	0	0.4049
930	6	88	0	0.2407
931	6	75	0	0.3102
932	6	75	0	0.2751
933	6	63	0	0.3456
934	5	76	0	0.2733
935	6	81	0	0.1724
936	5	91	0	0.2034
937	5	84	0	0.2533
938	6	74	0	0.3116
939	5	67	0	0.2406
940	5	75	0	0.1909
941	6	87	0	0.2050
942	5	78	0	0.3134
943	5	75	0	0.1572
944	5	82	0	0.1270
945	5	87	0	0.2165
946	5	83	0	0.1107
947	5	88	0	0.0614
948	5	91	0	0.0685
949	5	72	0	0.2259
950	5	93	0	0.0813
951	5	90	0	0.0756
952	5	77	0	0.1189
953	5	94	0	0.0797
954	5	90	0	0.1594
955	5	95	0	0.0713
956	5	90	0	0.0976
957	5	88	0	0.0815
958	5	95	0	0.0818
959	5	72	0	0.1786
960	5	95	0	0.0753
961	6	65	0	0.4069
962	6	78	0	0.3400
963	6	76	0	0.3391
964	6	79	0	0.2391
965	6	91	0	0.1925
966	6	88	0	0.2159
967	6	90	0	0.2211
968	6	85	0	0.2698
969	6	74	0	0.1995
970	6	68	0	0.3724
971	6	64	0	0.2592
972	6	89	0	0.2231
973	6	69	0	0.2562
974	6	58	0	0.4169
975	6	74	0	0.2196
976	6	83	0	0.2644
977	5	75	0	0.1249
978	6	83	0	0.2797
979	5	80	0	0.2525
980	6	77	0	0.2827
981	5	77	0	0.2878
982	5	97	0	0.0657
983	5	89	0	0.1940
984	5	91	0	0.2278
985	5	85	0	0.0827
986	5	85	0	0.1085
987	5	86	0	0.1253
988	5	91	0	0.0766
989	5	84	0	0.1696
990	5	77	0	0.1617
991	5	86	0	0.1770
992	5	89	0	0.0722
993	5	82	0	0.2345
994	5	87	0	0.1350
995	5	92	0	0.0757
996	5	91	0	0.0661
997	5	92	0	0.0570
998	5	90	0	0.0710
999	5	94	0	0.0875
1000	5	92	0	0.0695
1001	7	58	0	0.4247
1002	6	71	0	0.3609
1003	6	78	0	0.2597
1004	6	89	0	0.2220
1005	6	84	0	0.1657
1006	6	70	0	0.2939
1007	6	92	0	0.2374
1008	6	78	0	0.2716
1009	6	60	0	0.4486
1010	6	46	1	0.5021
1011	6	79	0	0.2696
1012	6	85	0	0.2381
1013	6	69	0	0.3621
1014	6	86	0	0.2426
1015	5	87	0	0.2124
1016	5	83	0	0.2656
1017	5	57	0	0.3799
1018	6	91	0	0.1970
1019	5	67	1	0.3358
1020	5	55	0	0.4166
1021	5	77	0	0.1642
1022	5	94	0	0.0767
1023	5	92	0	0.0680
1024	5	82	0	0.1028
1025	5	75	0	0.1664
1026	5	91	0	0.0591
1027	5	77	0	0.1791
1028	5	91	0	0.0721
1029	5	92	0	0.0801
1030	5	90	0	0.1154
1031	5	86	0	0.1278
1032	5	91	0	0.0745
1033	5	91	0	0.0707
1034	5	90	0	0.0738
1035	5	91	0	0.0696
1036	5	95	0	0.0803
1037	5	94	0	0.0510
1038	5	96	0	0.0701
1039	5	90	0	0.0828
1040	5	95	0	0.0876
1041	6	56	0	0.4473
1042	6	70	0	0.3566
1043	6	64	0	0.3658
1044	6	72	0	0.2774
1045	6	54	0	0.4326
1046	6	56	0	0.3700
1047	6	76	0	0.2855
1048	6	85	0	0.2482
1049	6	75	0	0.3135
1050	6	72	0	0.3076
1051	6	84	0	0.2577
1052	6	78	0	0.2831
1053	6	78	0	0.2978
1054	6	81	0	0.2289
1055	5	83	0	0.2547
1056	6	96	0	0.1565
1057	5	84	0	0.2581
1058	6	85	0	0.2503
1059	5	84	0	0.1049
1060	5	78	0	0.2610
1061	5	81	0	0.1017
1062	5	79	0	0.0905
1063	5	84	0	0.1005
1064	5	81	0	0.2409
1065	5	86	0	0.1200
1066	5	84	0	0.1152
1067	5	80	0	0.2176
1068	5	89	0	0.0604
1069	5	93	0	0.0844
1070	5	87	0	0.1029
1071	5	95	0	0.0585
1072	5	93	0	0.0665
1073	5	96	0	0.0913
1074	5	96	0	0.1240
1075	5	92	0	0.0593
1076	5	95	0	0.0673
1077	5	94	0	0.0700
1078	5	93	0	0.0742
1079	5	77	0	0.2740
1080	5	99	0	0.0569
1081	6	89	0	0.2281
1082	7	54	0	0.4255
1083	7	52	0	0.4785
1084	6	90	0	0.2472
1085	6	84	0	0.2432
1086	6	83	0	0.2914
1087	6	86	0	0.1613
1088	6	83	0	0.3044
1089	6	79	0	0.2756
1090	6	87	0	0.2835
1091	6	62	0	0.4278
1092	6	91	0	0.2334
1093	5	90	0	0.2074
1094	5	85	0	0.2301
1095	5	97	0	0.1944
1096	6	81	0	0.2834
1097	5	87	0	0.1894
1098	5	92	0	0.0751
1099	5	86	0	0.1221
1100	5	72	0	0.2754
1101	5	88	0	0.1013
1102	5	83	0	0.1307
1103	5	85	0	0.2566
1104	5	90	0	0.0886
1105	5	76	0	0.2671
1106	5	90	0	0.0819
1107	5	92	0	0.0883
1108	5	93	0	0.2179
1109	5	90	0	0.2069
1110	5	93	0	0.0757
1111	5	91	0	0.0906
1112	5	95	0	0.0680
1113	5	98	0	0.0754
1114	5	93	0	0.0583
1115	5	98	0	0.0636
1116	5	96	0	0.0731
1117	5	90	0	0.1317
1118	5	88	0	0.1193
1119	5	98	0	0.0791
1120	5	97	0	0.0582
1121	6	85	0	0.2843
1122	6	81	0	0.3080
1123	6	86	0	0.2569
1124	6	61	0	0.4131
1125	6	70	0	0.2600
1126	6	84	0	0.2978
1127	6	82	0	0.2677
1128	6	89	0	0.2132
1129	6	55	0	0.2254
1130	6	79	0	0.2710
1131	6	78	0	0.3280
1132	6	66	0	0.3105
1133	6	92	0	0.2387
1134	5	75	0	0.2776
1135	5	78	0	0.2665
1136	5	79	0	0.2922
1137	5	83	0	0.1275
1138	5	81	0	0.2061
1139	5	85	0	0.2455
1140	5	80	0	0.1014
1141	5	88	0	0.2275
1142	5	83	0	0.1218
1143	5	79	0	0.2519
1144	5	83	0	0.2407
1145	5	87	0	0.0990
1146	5	98	0	0.0556
1147	5	87	0	0.1292
1148	5	97	0	0.0637
1149	5	90	0	0.0963
1150	5	79	0	0.2771
1151	5	89	0	0.1552
1152	5	96	0	0.0667
1153	5	95	0	0.0716
1154	5	97	0	0.0609
1155	5	88	0	0.1003
1156	5	94	0	0.0780
1157	5	97	0	0.0662
1158	5	93	0	0.0614
1159	5	96	0	0.0736
1160	5	97	0	0.0674
1161	6	64	0	0.3546
1162	8	63	0	0.3963
1163	6	87	0	0.2043
1164	6	78	0	0.2836
1165	6	76	0	0.2382
1166	6	93	0	0.2514
1167	6	85	0	0.2279
1168	6	96	0	0.1502
1169	6	88	0	0.2412
1170	6	91	0	0.2325
1171	6	57	0	0.4287
1172	5	100	0	0.0605
1173	6	85	0	0.2420
1174	6	79	0	0.3021
1175	6	97	0	0.1988
1176	5	86	0	0.2283
1177	5	81	0	0.1438
1178	5	96	0	0.1921
1179	5	94	0	0.2206
1180	5	79	0	0.3101
1181	5	88	0	0.1501
1182	5	83	0	0.2630
1183	5	79	0	0.2597
1184	5	69	0	0.3228
1185	5	72	0	0.1492
1186	5	88	0	0.1376
1187	5	94	0	0.0745
1188	5	87	0	0.0831
1189	5	88	0	0.0767
1190	5	96	0	0.0759
1191	5	93	0	0.0780
1192	5	97	0	0.0793
1193	5	94	0	0.0743
1194	5	92	0	0.1401
1195	5	96	0	0.0636
1196	5	94	0	0.0658
1197	5	94	0	0.2194
1198	5	99	0	0.0739
1199	5	96	0	0.0499
1200	5	90	0	0.1548
1201	7	83	0	0.3526
1202	6	80	0	0.2704
1203	6	85	0	0.2432
1204	6	78	0	0.2137
1205	6	98	0	0.1886
1206	6	77	0	0.2800
1207	6	84	0	0.2927
1208	6	77	0	0.3053
1209	6	75	0	0.3345
1210	6	75	0	0.3411
1211	6	99	0	0.1997
1212	5	98	0	0.1977
1213	6	77	0	0.2862
1214	5	88	0	0.2166
1215	6	87	0	0.2143
1216	6	94	0	0.2299
1217	6	89	0	0.2726
1218	6	92	0	0.1946
1219	5	63	0	0.3624
1220	5	67	0	0.3858
1221	5	91	0	0.2005
1222	5	71	0	0.3052
1223	5	87	0	0.2216
1224	5	93	0	0.0701
1225	5	89	0	0.1990
1226	5	90	0	0.1870
1227	5	89	0	0.2481
1228	5	93	0	0.1229
1229	5	79	0	0.1904
1230	5	94	0	0.0693
1231	5	97	0	0.0752
1232	5	97	0	0.1814
1233	5	84	0	0.1162
1234	5	90	0	0.0834
1235	5	89	0	0.0700
1236	5	94	0	0.0898
1237	5	80	0	0.1620
1238	5	97	0	0.0629
1239	5	97	0	0.0627
1240	5	96	0	0.0482
1241	7	71	0	0.3859
1242	6	79	0	0.2908
1243	6	71	0	0.3282
1244	6	81	0	0.2412
1245	6	97	0	0.2003
1246	6	71	0	0.3396
1247	6	62	1	0.4789
1248	6	98	0	0.2075
1249	6	95	0	0.2204
1250	6	89	0	0.2468
1251	6	73	0	0.3430
1252	6	86	0	0.2364
1253	6	89	0	0.2482
1254	6	77	0	0.2849
1255	5	80	0	0.1432
1256	5	82	0	0.2549
1257	5	92	0	0.1079
1258	5	92	0	0.0827
1259	5	79	0	0.1204
1260	6	75	0	0.2956
1261	5	86	0	0.2510
1262	5	96	0	0.1583
1263	5	92	0	0.2031
1264	5	94	0	0.0785
1265	5	87	0	0.1208
1266	5	87	0	0.0965
1267	5	91	0	0.1877
1268	5	89	0	0.2252
1269	5	96	0	0.0991
1270	5	78	0	0.2946
1271	5	97	0	0.0767
1272	5	93	0	0.0862
1273	5	97	0	0.0626
1274	5	86	0	0.1403
1275	5	95	0	0.1362
1276	5	93	0	0.0601
1277	5	97	0	0.0727
1278	5	93	0	0.0731
1279	5	98	0	0.0571
1280	5	95	0	0.0794
1281	6	90	0	0.2705
1282	7	70	0	0.4097
1283	6	84	0	0.2569
1284	6	91	0	0.2065
1285	6	90	0	0.2335
1286	6	91	0	0.2430
1287	6	74	0	0.3073
1288	6	82	0	0.2760
1289	6	94	0	0.1866
1290	6	79	0	0.2764
1291	6	84	0	0.2548
1292	6	63	0	0.3872
1293	5	83	0	0.2456
1294	5	98	0	0.1013
1295	5	94	0	0.2268
1296	5	94	0	0.2193
1297	6	87	0	0.2576
1298	6	92	0	0.2141
1299	5	97	0	0.1940
1300	6	86	0	0.2617
1301	5	85	0	0.0960
1302	5	95	0	0.1884
1303	5	87	0	0.0886
1304	5	97	0	0.1787
1305	5	96	0	0.0677
1306	5	94	0	0.1175
1307	5	90	0	0.2026
1308	5	97	0	0.0729
1309	5	97	0	0.1068
1310	5	96	0	0.0789
1311	5	94	0	0.0647
1312	5	94	0	0.0610
1313	5	82	0	0.2454
1314	5	82	0	0.1171
1315	5	94	0	0.0972
1316	5	95	0	0.0690
1317	5	100	0	0.0516
1318	5	92	0	0.0694
1319	5	100	0	0.0454
1320	5	99	0	0.0493
1321	7	72	0	0.3590
1322	6	80	0	0.3103
1323	6	96	0	0.2404
1324	6	69	0	0.3223
1325	6	87	0	0.1936
1326	6	99	0	0.1263
1327	6	91	0	0.1784
1328	6	79	0	0.3061
1329	6	99	0	0.1781
1330	6	91	0	0.2598
1331	6	82	0	0.2961
1332	6	59	0	0.3758
1333	6	65	0	0.3816
1334	5	48	0	0.3933
1335	6	87	0	0.2291
1336	5	94	0	0.2098
1337	5	95	0	0.1818
1338	6	74	0	0.3312
1339	6	92	0	0.1715
1340	5	96	0	0.0696
1341	5	89	0	0.2386
1342	5	93	0	0.0888
1343	5	88	0	0.2222
1344	5	82	0	0.1318
1345	5	94	0	0.0798
1346	5	86	0	0.2120
1347	5	86	0	0.2359
1348	5	88	0	0.2093
1349	5	89	0	0.0992
1350	5	96	0	0.0570
1351	5	95	0	0.0990
1352	5	97	0	0.0579
1353	5	98	0	0.0579
1354	5	79	0	0.1823
1355	5	93	0	0.0930
1356	5	99	0	0.0624
1357	5	91	0	0.1446
1358	5	95	0	0.0805
1359	5	98	0	0.0581
1360	5	98	0	0.0694
1361	6	96	0	0.1852
1362	7	62	0	0.3888
1363	6	98	0	0.1907
1364	6	87	0	0.2430
1365	6	96	0	0.2020
1366	6	82	0	0.2788
1367	6	92	0	0.1595
1368	6	93	0	0.2291
1369	6	92	0	0.2117
1370	6	86	0	0.2466
1371	6	94	0	0.1932
1372	6	81	0	0.3117
1373	5	86	0	0.2540
1374	5	82	0	0.2692
1375	6	81	0	0.2669
1376	5	96	0	0.2036
1377	6	90	0	0.2242
1378	5	83	0	0.2461
1379	6	84	0	0.2850
1380	5	86	0	0.1134
1381	5	86	0	0.2276
1382	6	73	0	0.3466
1383	5	87	0	0.1929
1384	5	96	0	0.1918
1385	5	83	0	0.1447
1386	5	92	0	0.0571
1387	5	88	0	0.2471
1388	5	94	0	0.0808
1389	5	94	0	0.0860
1390	5	98	0	0.0374
1391	5	99	0	0.0702
1392	5	86	0	0.1466
1393	5	96	0	0.0557
1394	5	96	0	0.0799
1395	5	96	0	0.0639
1396	5	97	0	0.0713
1397	5	98	0	0.0668
1398	5	99	0	0.0573
1399	5	95	0	0.0700
1400	5	96	0	0.0640
1401	7	80	0	0.3354
1402	6	97	0	0.2048
1403	6	92	0	0.2070
1404	6	97	0	0.1938
1405	6	85	0	0.2925
1406	6	97	0	0.2081
1407	6	83	0	0.2592
1408	6	89	0	0.2292
1409	6	95	0	0.1953
1410	6	92	0	0.2393
1411	6	73	0	0.3310
1412	6	86	0	0.2356
1413	6	72	0	0.3610
1414	5	98	0	0.0898
1415	5	97	0	0.2012
1416	6	91	0	0.1734
1417	5	98	0	0.0860
1418	5	86	0	0.1267
1419	6	78	0	0.3032
1420	5	77	0	0.2963
1421	5	90	0	0.1625
1422	6	69	0	0.3801
1423	5	73	0	0.1370
1424	5	83	0	0.1237
1425	5	88	0	0.0921
1426	5	87	0	0.2613
1427	5	95	0	0.0717
1428	5	93	0	0.2198
1429	5	98	0	0.0388
1430	5	100	0	0.0552
1431	5	97	0	0.0610
1432	5	100	0	0.0798
1433	5	98	0	0.0537
1434	5	96	0	0.0752
1435	5	99	0	0.0618
1436	5	100	0	0.0526
1437	5	99	0	0.0861
1438	5	98	0	0.0634
1439	5	99	0	0.0423
1440	5	99	0	0.0642
1441	6	98	0	0.2193
1442	7	88	0	0.2589
1443	6	94	0	0.1876
1444	6	85	0	0.2077
1445	6	73	0	0.3680
1446	6	87	0	0.2719
1447	6	93	0	0.1604
1448	6	99	0	0.1660
1449	6	93	0	0.2552
1450	6	96	0	0.1746
1451	6	75	0	0.2713
1452	5	74	0	0.2860
1453	6	93	0	0.2186
1454	6	83	0	0.2455
1455	5	88	0	0.2618
1456	6	66	0	0.3916
1457	5	100	0	0.1569
1458	5	84	0	0.1882
1459	5	95	0	0.1804
1460	5	94	0	0.0938
1461	5	80	0	0.2111
1462	5	94	0	0.1811
1463	5	97	0	0.1939
1464	5	83	0	0.2010
1465	5	93	0	0.1868
1466	5	99	0	0.0522
1467	5	92	0	0.0919
1468	5	93	0	0.1816
1469	5	96	0	0.0753
1470	5	97	0	0.0809
1471	5	99	0	0.0620
1472	5	98	0	0.0442
1473	5	95	0	0.0723
1474	5	98	0	0.0438
1475	5	100	0	0.0507
1476	5	96	0	0.0586
1477	5	96	0	0.0775
1478	5	98	0	0.0461
1479	5	100	0	0.0620
1480	5	87	0	0.2195
1481	6	92	0	0.2504
1482	6	99	0	0.2006
1483	6	52	0	0.4614
1484	6	82	0	0.3364
1485	6	93	0	0.1223
1486	6	65	0	0.4272
1487	6	80	0	0.2471
1488	6	82	0	0.2611
1489	6	70	0	0.3812
1490	6	85	0	0.2414
1491	6	95	0	0.2102
1492	6	95	0	0.2270
1493	6	71	0	0.3529
1494	6	92	0	0.2195
1495	5	96	0	0.1980
1496	6	87	0	0.2875
1497	5	92	0	0.2182
1498	6	99	0	0.1865
1499	5	86	0	0.1626
1500	5	84	0	0.3012
1501	5	90	0	0.2182
1502	5	97	0	0.0635
1503	5	89	0	0.1103
1504	5	88	0	0.1551
1505	5	90	0	0.0937
1506	5	93	0	0.2018
1507	5	98	0	0.0558
1508	5	98	0	0.0715
1509	5	98	0	0.0573
1510	5	97	0	0.0657
1511	5	96	0	0.1544
1512	5	96	0	0.0515
1513	5	98	0	0.0502
1514	5	94	0	0.1012
1515	5	97	0	0.0848
1516	5	100	0	0.0654
1517	5	99	0	0.0449
1518	5	100	0	0.0590
1519	5	100	0	0.0393
1520	5	85	0	0.1018
1521	7	79	0	0.3463
1522	6	87	0	0.2979
1523	6	79	0	0.2991
1524	6	100	0	0.0891
1525	6	99	0	0.2069
1526	6	93	0	0.2089
1527	6	99	0	0.2119
1528	6	51	0	0.5137
1529	6	72	0	0.3537
1530	6	91	0	0.2686
1531	6	75	0	0.2546
1532	6	90	0	0.2487
1533	6	91	0	0.2316
1534	5	97	0	0.1786
1535	6	79	0	0.2681
1536	5	92	0	0.2387
1537	6	75	0	0.3265
1538	5	95	0	0.2011
1539	5	98	0	0.0715
1540	5	98	0	0.1289
1541	6	94	0	0.2023
1542	5	90	0	0.1368
1543	5	96	0	0.0597
1544	5	96	0	0.0988
1545	5	95	0	0.0616
1546	5	87	0	0.0914
1547	5	99	0	0.0455
1548	5	96	0	0.0574
1549	5	95	0	0.0601
1550	5	99	0	0.0741
1551	5	98	0	0.0634
1552	5	98	0	0.0789
1553	5	93	0	0.0885
1554	5	98	0	0.0551
1555	5	92	0	0.2274
1556	5	99	0	0.0527
1557	5	99	0	0.0943
1558	5	98	0	0.1756
1559	5	98	0	0.0931
1560	5	98	0	0.0424
1561	6	74	0	0.3482
1562	7	70	0	0.3887
1563	6	97	0	0.1775
1564	6	92	0	0.2067
1565	6	80	0	0.2217
1566	6	98	0	0.1763
1567	6	93	0	0.1765
1568	6	95	0	0.2099
1569	6	95	0	0.1887
1570	6	100	0	0.1714
1571	5	85	0	0.2609
1572	6	86	0	0.2748
1573	6	90	0	0.2469
1574	6	97	0	0.1958
1575	6	72	0	0.3580
1576	5	96	0	0.0471
1577	5	97	0	0.1773
1578	5	98	0	0.1290
1579	5	95	0	0.1703
1580	6	65	0	0.4458
1581	5	96	0	0.1184
1582	6	96	0	0.1637
1583	5	94	0	0.1686
1584	5	94	0	0.0738
1585	5	85	0	0.1012
1586	5	97	0	0.1712
1587	5	93	0	0.0881
1588	5	97	0	0.0510
1589	5	96	0	0.1857
1590	5	97	0	0.1903
1591	5	96	0	0.0803
1592	5	95	0	0.2087
1593	5	94	0	0.0874
1594	5	98	0	0.1858
1595	5	96	0	0.0863
1596	5	99	0	0.0649
1597	5	97	0	0.0636
1598	5	100	0	0.0379
1599	5	98	0	0.0662
1600	5	94	0	0.0639
1601	6	96	0	0.2383
1602	6	90	0	0.2290
1603	6	80	0	0.1894
1604	6	100	0	0.1787
1605	6	96	0	0.1557
1606	6	99	0	0.1331
1607	6	77	0	0.2558
1608	6	97	0	0.1925
1609	5	83	1	0.3611
1610	6	95	0	0.2137
1611	6	92	0	0.2655
1612	6	88	0	0.2441
1613	6	88	0	0.2373
1614	6	65	0	0.3362
1615	6	82	0	0.3249
1616	6	93	0	0.1669
1617	5	99	0	0.1598
1618	5	90	0	0.1438
1619	5	97	0	0.1824
1620	5	97	0	0.1659
1621	5	89	0	0.2471
1622	5	88	0	0.1427
1623	5	94	0	0.1988
1624	5	87	0	0.1142
1625	6	78	0	0.3217
1626	5	92	0	0.1917
1627	5	97	0	0.1998
1628	5	96	0	0.0736
1629	5	93	0	0.1116
1630	5	100	0	0.0453
1631	5	97	0	0.0582
1632	5	97	0	0.1112
1633	5	89	0	0.1083
1634	5	100	0	0.0507
1635	5	98	0	0.0601
1636	5	98	0	0.0624
1637	5	98	0	0.0645
1638	5	99	0	0.0642
1639	5	94	0	0.0676
1640	5	99	0	0.0588
1641	6	98	0	0.1884
1642	6	98	0	0.2022
1643	6	80	0	0.3119
1644	8	76	0	0.3807
1645	6	95	0	0.1713
1646	6	99	0	0.2052
1647	6	90	0	0.1988
1648	6	93	0	0.2424
1649	6	99	0	0.1800
1650	6	97	0	0.1941
1651	6	76	0	0.2675
1652	6	100	0	0.1438
1653	5	99	0	0.1685
1654	6	100	0	0.1795
1655	5	96	0	0.2153
1656	5	100	0	0.1637
1657	6	83	0	0.2865
1658	5	100	0	0.1692
1659	6	86	0	0.2815
1660	5	91	0	0.0878
1661	5	99	0	0.1906
1662	5	98	0	0.1656
1663	5	100	0	0.1698
1664	5	100	0	0.0431
1665	5	87	0	0.0774
1666	6	92	0	0.2264
1667	5	99	0	0.1182
1668	5	97	0	0.0756
1669	5	96	0	0.1951
1670	5	100	0	0.0472
1671	5	93	0	0.2050
1672	5	95	0	0.0629
1673	5	97	0	0.0689
1674	5	94	0	0.1339
1675	5	95	0	0.1081
1676	5	99	0	0.1926
1677	5	96	0	0.0987
1678	5	100	0	0.0454
1679	5	99	0	0.0481
1680	5	99	0	0.0523
1681	6	97	0	0.2039
1682	6	99	0	0.1331
1683	6	95	0	0.2008
1684	6	75	0	0.2602
1685	6	96	0	0.1403
1686	6	70	0	0.3108
1687	6	95	0	0.1921
1688	6	78	0	0.3830
1689	6	99	0	0.1750
1690	6	94	0	0.2086
1691	6	87	0	0.2792
1692	5	98	0	0.1722
1693	6	99	0	0.2149
1694	5	100	0	0.0776
1695	6	100	0	0.1583
1696	5	92	0	0.2402
1697	5	96	0	0.2082
1698	6	85	0	0.2736
1699	6	97	0	0.1637
1700	5	96	0	0.1832
1701	6	95	0	0.1771
1702	6	96	0	0.2049
1703	5	97	0	0.1696
1704	6	98	0	0.1707
1705	5	95	0	0.2090
1706	5	90	0	0.1967
1707	5	89	0	0.1187
1708	5	100	0	0.1619
1709	5	99	0	0.1870
1710	5	90	0	0.2408
1711	5	95	0	0.0774
1712	5	90	0	0.1975
1713	6	94	0	0.2250
1714	5	99	0	0.0726
1715	5	100	0	0.0511
1716	5	100	0	0.0344
1717	5	96	0	0.0813
1718	5	100	0	0.0538
1719	5	98	0	0.2139
1720	5	100	0	0.0503
1721	6	98	0	0.1658
1722	6	97	0	0.2270
1723	6	99	0	0.1609
1724	6	88	0	0.2767
1725	6	85	0	0.2022
1726	6	100	0	0.1691
1727	6	98	0	0.2102
1728	6	98	0	0.1551
1729	6	99	0	0.1749
1730	6	98	0	0.1796
1731	5	98	0	0.1868
1732	6	100	0	0.1497
1733	6	100	0	0.1557
1734	6	88	0	0.2789
1735	5	95	0	0.1914
1736	5	99	0	0.1530
1737	5	100	0	0.0937
1738	5	88	0	0.2056
1739	5	91	0	0.2210
1740	5	98	0	0.0401
1741	5	99	0	0.0528
1742	5	99	0	0.1739
1743	5	97	0	0.1720
1744	5	95	0	0.0710
1745	5	98	0	0.1783
1746	5	89	0	0.1671
1747	5	93	0	0.0765
1748	5	86	0	0.1243
1749	5	99	0	0.0420
1750	5	100	0	0.0707
1751	5	97	0	0.0793
1752	5	100	0	0.0491
1753	5	100	0	0.1693
1754	5	92	0	0.1341
1755	5	97	0	0.1321
1756	5	99	0	0.0571
1757	5	96	0	0.0590
1758	5	100	0	0.0651
1759	5	97	0	0.1129
1760	5	98	0	0.0490
1761	6	97	0	0.2517
1762	6	99	0	0.2114
1763	6	100	0	0.1688
1764	6	97	0	0.1800
1765	6	78	0	0.3040
1766	6	88	0	0.2595
1767	6	89	0	0.2101
1768	6	88	0	0.2087
1769	6	99	0	0.2099
1770	6	100	0	0.1391
1771	5	100	0	0.0922
1772	6	100	0	0.1756
1773	6	98	0	0.2135
1774	6	83	0	0.3348
1775	6	92	0	0.2358
1776	5	100	0	0.1515
1777	5	99	0	0.1599
1778	5	99	0	0.1429
1779	5	98	0	0.1831
1780	5	99	0	0.1025
1781	6	78	0	0.2613
1782	5	93	0	0.0760
1783	5	99	0	0.1040
1784	6	96	0	0.1933
1785	5	97	0	0.0843
1786	5	99	0	0.1657
1787	5	86	0	0.1226
1788	5	92	0	0.2208
1789	5	100	0	0.0695
1790	5	99	0	0.0584
1791	5	99	0	0.1772
1792	5	98	0	0.1357
1793	5	96	0	0.0793
1794	5	97	0	0.0781
1795	5	97	0	0.0748
1796	5	100	0	0.0467
1797	5	100	0	0.0585
1798	5	100	0	0.0462
1799	5	100	0	0.0536
1800	5	96	0	0.2131
1801	6	99	0	0.1661
1802	7	76	0	0.3564
1803	6	95	0	0.2063
1804	6	80	0	0.2398
1805	6	84	0	0.2555
1806	6	72	0	0.2724
1807	6	82	0	0.2271
1808	6	98	0	0.1438
1809	5	100	0	0.0862
1810	6	96	0	0.1924
1811	6	99	0	0.2028
1812	6	98	0	0.1723
1813	6	99	0	0.1634
1814	6	96	0	0.1722
1815	5	93	0	0.1723
1816	5	100	0	0.1457
1817	6	97	0	0.1864
1818	5	100	0	0.1656
1819	5	98	0	0.2005
1820	6	85	0	0.2689
1821	5	94	0	0.1808
1822	6	99	0	0.1514
1823	5	100	0	0.1470
1824	5	93	0	0.1786
1825	5	97	0	0.1480
1826	5	96	0	0.0599
1827	5	79	0	0.2638
1828	5	100	0	0.1412
1829	5	98	0	0.0593
1830	5	100	0	0.0375
1831	5	100	0	0.0480
1832	5	100	0	0.0525
1833	5	93	0	0.2293
1834	5	94	0	0.1159
1835	5	93	0	0.0842
1836	5	98	0	0.0479
1837	5	99	0	0.0624
1838	5	100	0	0.0642
1839	5	100	0	0.0527
1840	5	100	0	0.0451
1841	6	95	0	0.2269
1842	6	90	0	0.2777
1843	6	99	0	0.1810
1844	6	95	0	0.2119
1845	6	92	0	0.2303
1846	6	98	0	0.1818
1847	6	100	0	0.1553
1848	6	96	0	0.2369
1849	6	94	0	0.2191
1850	6	95	0	0.1957
1851	6	94	0	0.2357
1852	6	99	0	0.1807
1853	5	100	0	0.1349
1854	5	97	0	0.2113
1855	6	93	0	0.1551
1856	6	98	0	0.2034
1857	5	99	0	0.0853
1858	5	99	0	0.1919
1859	5	99	0	0.1995
1860	5	92	0	0.2090
1861	5	78	0	0.1846
1862	5	98	0	0.1826
1863	5	96	0	0.0696
1864	5	98	0	0.1838
1865	5	93	0	0.1620
1866	6	80	0	0.3362
1867	5	98	0	0.0365
1868	5	97	0	0.0740
1869	5	94	0	0.1703
1870	5	97	0	0.0664
1871	5	100	0	0.0391
1872	5	99	0	0.0612
1873	5	99	0	0.0465
1874	5	95	0	0.1823
1875	5	98	0	0.0498
1876	5	97	0	0.1848
1877	5	100	0	0.0445
1878	5	99	0	0.0808
1879	5	100	0	0.0617
1880	5	99	0	0.0403
1881	7	78	0	0.3075
1882	6	91	0	0.2449
1883	6	98	0	0.1708
1884	6	99	0	0.2031
1885	6	92	0	0.2494
1886	6	100	0	0.1950
1887	6	87	0	0.1952
1888	6	95	0	0.2246
1889	6	98	0	0.1884
1890	6	98	0	0.2087
1891	5	100	0	0.1892
1892	6	99	0	0.1501
1893	6	95	0	0.2052
1894	5	98	0	0.1507
1895	6	98	0	0.1854
1896	5	99	0	0.0534
1897	6	99	0	0.1634
1898	5	94	0	0.2219
1899	6	92	0	0.2080
1900	5	99	0	0.1890
1901	6	94	0	0.2140
1902	5	97	0	0.1836
1903	5	100	0	0.1782
1904	5	95	0	0.1969
1905	5	93	0	0.2231
1906	5	99	0	0.0829
1907	5	90	0	0.2516
1908	5	98	0	0.0528
1909	5	99	0	0.0637
1910	5	100	0	0.1760
1911	5	99	0	0.0652
1912	5	98	0	0.0506
1913	5	95	0	0.0708
1914	5	87	0	0.2545
1915	5	96	0	0.0604
1916	5	100	0	0.0494
1917	5	99	0	0.0667
1918	5	100	0	0.0974
1919	5	100	0	0.0437
1920	5	100	0	0.0528
1921	7	98	0	0.1903
1922	6	100	0	0.1380
1923	6	97	0	0.1564
1924	6	97	0	0.1880
1925	6	82	0	0.2698
1926	6	96	0	0.1811
1927	6	100	0	0.1854
1928	6	99	0	0.2248
1929	6	97	0	0.1458
1930	6	100	0	0.1853
1931	5	100	0	0.1708
1932	6	96	0	0.1779
1933	5	100	0	0.1010
1934	6	91	0	0.2514
1935	5	95	0	0.1814
1936	5	95	0	0.2116
1937	5	100	0	0.1566
1938	6	95	0	0.1710
1939	5	99	0	0.1606
1940	5	97	0	0.1389
1941	6	100	0	0.1308
1942	5	90	0	0.2368
1943	5	100	0	0.0404
1944	5	99	0	0.1658
1945	5	100	0	0.1799
1946	5	100	0	0.0274
1947	5	100	0	0.0398
1948	5	92	0	0.0727
1949	5	98	0	0.1908
1950	5	80	0	0.2647
1951	5	100	0	0.0862
1952	5	98	0	0.0429
1953	6	97	0	0.1796
1954	5	98	0	0.1555
1955	5	99	0	0.0622
1956	5	100	0	0.0408
1957	5	100	0	0.0898
1958	5	100	0	0.0521
1959	5	99	0	0.0583
1960	5	98	0	0.0591
1961	7	86	0	0.3097
1962	6	92	0	0.2521
1963	6	96	0	0.2023
1964	6	99	0	0.1952
1965	6	81	0	0.2248
1966	6	97	0	0.1957
1967	6	98	0	0.2006
1968	6	96	0	0.1607
1969	6	89	0	0.1941
1970	6	87	0	0.2668
1971	6	90	0	0.2532
1972	6	92	0	0.2683
1973	6	97	0	0.2061
1974	5	100	0	0.1699
1975	6	95	0	0.1956
1976	5	99	0	0.0293
1977	5	100	0	0.0568
1978	6	95	0	0.1993
1979	5	93	0	0.2113
1980	5	99	0	0.0791
1981	5	100	0	0.0758
1982	5	99	0	0.1848
1983	5	100	0	0.0584
1984	5	95	0	0.1650
1985	5	97	0	0.0602
1986	5	96	0	0.0388
1987	5	99	0	0.0533
1988	5	100	0	0.1156
1989	5	98	0	0.0634
1990	5	100	0	0.0615
1991	5	99	0	0.0502
1992	6	89	0	0.1828
1993	5	98	0	0.1875
1994	5	98	0	0.0579
1995	5	97	0	0.1865
1996	5	100	0	0.0796
1997	5	100	0	0.0334
1998	5	98	0	0.0491
1999	5	98	0	0.0526
2000	5	97	0	0.1765
2001	6	97	0	0.2396
2002	6	91	0	0.2378
2003	6	93	0	0.2293
2004	6	98	0	0.2054
2005	6	62	0	0.4199
2006	6	100	0	0.1221
2007	6	100	0	0.1632
2008	6	94	0	0.2025
2009	6	99	0	0.1973
2010	6	91	0	0.1857
2011	6	100	0	0.1638
2012	6	99	0	0.2032
2013	6	100	0	0.1759
2014	6	95	0	0.2187
2015	6	98	0	0.1785
2016	6	98	0	0.1762
2017	5	99	0	0.1918
2018	5	100	0	0.0976
2019	6	98	0	0.2042
2020	5	97	0	0.1970
2021	5	99	0	0.0808
2022	6	97	0	0.1831
2023	5	100	0	0.1559
2024	5	100	0	0.1283
2025	5	92	0	0.1227
2026	5	97	0	0.0533
2027	5	98	0	0.1905
2028	5	99	0	0.1557
2029	5	99	0	0.0499
2030	5	99	0	0.0503
2031	5	99	0	0.0564
2032	5	99	0	0.1809
2033	5	99	0	0.1787
2034	5	99	0	0.0908
2035	5	100	0	0.0543
2036	5	100	0	0.0411
2037	5	99	0	0.0378
2038	5	100	0	0.1776
2039	5	98	0	0.2027
2040	5	99	0	0.0629
2041	6	100	0	0.1635
2042	6	100	0	0.1892
2043	6	100	0	0.1466
2044	6	99	0	0.1832
2045	6	100	0	0.1259
2046	6	100	0	0.1888
2047	6	80	0	0.3067
2048	6	100	0	0.1809
2049	6	99	0	0.1889
2050	6	100	0	0.1661
2051	6	94	0	0.1854
2052	6	98	0	0.1707
2053	6	83	0	0.1997
2054	5	96	0	0.2077
2055	6	100	0	0.1419
2056	5	100	0	0.0495
2057	5	100	0	0.1655
2058	6	98	0	0.1898
2059	6	98	0	0.1924
2060	6	99	0	0.1535
2061	6	91	0	0.2634
2062	5	98	0	0.1815
2063	6	98	0	0.1581
2064	5	100	0	0.0372
2065	5	100	0	0.1556
2066	5	100	0	0.0392
2067	5	99	0	0.0236
2068	5	91	0	0.1191
2069	5	96	0	0.1914
2070	5	100	0	0.1102
2071	5	99	0	0.1372
2072	5	99	0	0.0638
2073	5	98	0	0.1362
2074	5	82	0	0.3683
2075	5	100	0	0.0455
2076	5	99	0	0.0906
2077	5	93	0	0.2241
2078	5	100	0	0.1552
2079	5	100	0	0.0740
2080	5	98	0	0.0833
2081	6	97	0	0.2007
2082	6	94	0	0.1874
2083	6	100	0	0.1435
2084	6	83	0	0.2562
2085	6	68	0	0.3881
2086	6	99	0	0.1751
2087	6	99	0	0.1801
2088	6	99	0	0.1739
2089	5	99	0	0.2072
2090	6	99	0	0.1724
2091	6	99	0	0.1679
2092	6	80	0	0.2849
2093	6	99	0	0.1432
2094	6	97	0	0.1867
2095	6	91	0	0.2524
2096	6	92	0	0.2712
2097	5	99	0	0.1634
2098	5	100	0	0.0198
2099	6	100	0	0.1519
2100	5	100	0	0.1291
2101	5	100	0	0.0439
2102	5	100	0	0.0452
2103	5	98	0	0.1124
2104	5	100	0	0.1579
2105	5	95	0	0.2236
2106	5	100	0	0.0523
2107	5	99	0	0.0331
2108	5	99	0	0.1648
2109	5	99	0	0.0940
2110	5	97	0	0.0320
2111	6	100	0	0.1359
2112	5	99	0	0.1485
2113	5	98	0	0.1797
2114	5	95	0	0.0990
2115	5	100	0	0.1642
2116	5	100	0	0.0428
2117	5	100	0	0.0550
2118	5	98	0	0.0642
2119	5	100	0	0.0360
2120	5	100	0	0.0571
2121	7	90	0	0.3057
2122	6	94	0	0.2450
2123	6	94	0	0.1915
2124	6	98	0	0.1828
2125	6	96	0	0.1795
2126	6	100	0	0.1610
2127	6	98	0	0.1361
2128	6	100	0	0.1786
2129	6	100	0	0.1589
2130	5	100	0	0.0628
2131	6	100	0	0.1648
2132	6	93	0	0.1978
2133	6	98	0	0.1949
2134	5	100	0	0.1501
2135	6	100	0	0.1711
2136	6	97	0	0.1989
2137	6	98	0	0.1665
2138	5	100	0	0.0507
2139	5	97	0	0.1647
2140	6	98	0	0.1540
2141	5	98	0	0.0476
2142	5	100	0	0.1770
2143	6	99	0	0.1794
2144	6	88	0	0.2704
2145	5	98	0	0.1780
2146	5	99	0	0.0564
2147	5	100	0	0.1458
2148	5	100	0	0.0244
2149	5	100	0	0.0452
2150	5	96	0	0.1742
2151	5	99	0	0.1578
2152	5	99	0	0.0383
2153	5	98	0	0.0516
2154	5	100	0	0.0377
2155	5	98	0	0.0855
2156	5	97	0	0.0970
2157	5	100	0	0.1694
2158	5	100	0	0.0377
2159	5	100	0	0.1416
2160	5	98	0	0.0631
2161	6	99	0	0.2168
2162	6	98	0	0.1843
2163	6	87	0	0.2471
2164	6	100	0	0.1326
2165	6	93	0	0.2631
2166	6	100	0	0.1947
2167	6	99	0	0.1738
2168	6	99	0	0.1298
2169	6	97	0	0.1241
2170	6	98	0	0.2202
2171	6	100	0	0.1881
2172	6	95	0	0.2173
2173	6	99	0	0.1776
2174	6	99	0	0.1531
2175	5	100	0	0.1703
2176	6	100	0	0.1481
2177	5	100	0	0.0947
2178	5	91	0	0.1924
2179	5	100	0	0.1594
2180	5	99	0	0.1763
2181	5	100	0	0.0610
2182	6	88	0	0.2368
2183	5	98	0	0.1770
2184	5	97	0	0.1842
2185	5	98	0	0.0964
2186	5	100	0	0.1760
2187	6	98	0	0.1764
2188	5	87	0	0.1929
2189	5	100	0	0.1397
2190	5	97	0	0.0717
2191	5	99	0	0.1825
2192	6	99	0	0.1626
2193	5	99	0	0.0481
2194	5	97	0	0.1153
2195	5	100	0	0.0641
2196	5	100	0	0.0404
2197	5	99	0	0.1739
2198	5	99	0	0.1562
2199	5	100	0	0.0425
2200	5	98	0	0.0482
2201	7	76	0	0.3092
2202	6	100	0	0.1467
2203	6	100	0	0.1754
2204	5	65	0	0.3606
2205	6	99	0	0.1760
2206	5	100	0	0.1726
2207	6	95	0	0.1701
2208	6	87	0	0.2426
2209	6	99	0	0.1768
2210	5	100	0	0.1630
2211	6	92	0	0.2450
2212	6	99	0	0.1731
2213	5	100	0	0.1747
2214	5	100	0	0.1633
2215	6	100	0	0.1324
2216	5	100	0	0.1408
2217	5	100	0	0.0885
2218	6	97	0	0.2473
2219	6	100	0	0.1598
2220	6	97	0	0.1960
2221	5	100	0	0.1652
2222	5	99	0	0.0925
2223	5	100	0	0.1527
2224	6	95	0	0.1911
2225	5	100	0	0.0572
2226	5	100	0	0.0864
2227	6	87	0	0.2661
2228	5	100	0	0.1557
2229	5	99	0	0.1743
2230	5	100	0	0.0327
2231	5	100	0	0.0349
2232	5	97	0	0.1499
2233	5	100	0	0.1558
2234	5	100	0	0.0292
2235	5	99	0	0.0268
2236	5	99	0	0.1632
2237	5	95	0	0.1996
2238	5	100	0	0.0435
2239	5	99	0	0.1754
2240	5	99	0	0.1758
2241	6	99	0	0.2516
2242	6	98	0	0.2104
2243	6	97	0	0.1648
2244	6	92	0	0.2161
2245	6	100	0	0.0866
2246	6	98	0	0.1898
2247	6	99	0	0.2047
2248	6	99	0	0.1651
2249	6	99	0	0.1197
2250	6	100	0	0.1784
2251	6	72	0	0.3493
2252	6	99	0	0.2025
2253	6	99	0	0.1765
2254	6	90	0	0.1694
2255	6	98	0	0.1997
2256	5	93	0	0.2074
2257	6	99	0	0.1335
2258	6	100	0	0.1653
2259	6	100	0	0.1465
2260	6	99	0	0.1571
2261	5	100	0	0.0261
2262	5	100	0	0.1450
2263	5	100	0	0.1722
2264	5	99	0	0.1307
2265	5	95	0	0.1621
2266	6	94	0	0.2400
2267	5	98	0	0.0695
2268	5	99	0	0.1797
2269	5	100	0	0.0341
2270	5	100	0	0.0376
2271	5	100	0	0.1503
2272	5	100	0	0.0847
2273	5	100	0	0.0429
2274	5	99	0	0.0369
2275	5	100	0	0.1597
2276	5	99	0	0.1686
2277	5	99	0	0.0442
2278	5	100	0	0.0364
2279	5	99	0	0.0665
2280	5	100	0	0.0301
2281	6	100	0	0.2056
2282	6	100	0	0.1638
2283	6	100	0	0.1641
2284	6	99	0	0.1811
2285	6	100	0	0.1781
2286	6	98	0	0.2588
2287	6	97	0	0.1128
2288	6	98	0	0.1865
2289	5	100	0	0.0789
2290	6	94	0	0.1774
2291	6	97	0	0.1984
2292	6	94	0	0.1644
2293	6	96	0	0.1951
2294	6	100	0	0.1528
2295	5	98	0	0.1863
2296	6	98	0	0.1922
2297	5	100	0	0.0543
2298	6	91	0	0.2305
2299	5	99	0	0.1877
2300	5	99	0	0.1597
2301	5	99	0	0.1070
2302	5	92	0	0.1993
2303	5	100	0	0.0495
2304	5	99	0	0.0361
2305	5	99	0	0.1818
2306	5	98	0	0.1492
2307	5	100	0	0.1826
2308	5	100	0	0.0567
2309	5	100	0	0.1604
2310	6	100	0	0.1567
2311	5	100	0	0.0199
2312	5	100	0	0.0439
2313	5	99	0	0.0393
2314	5	100	0	0.0313
2315	5	99	0	0.0518
2316	5	99	0	0.0384
2317	5	100	0	0.1738
2318	5	98	0	0.0567
2319	5	99	0	0.0291
2320	5	100	0	0.0270
2321	7	93	0	0.2983
2322	6	99	0	0.2315
2323	6	100	0	0.1802
2324	6	94	0	0.2200
2325	6	100	0	0.1608
2326	6	77	0	0.2627
2327	6	100	0	0.1898
2328	6	98	0	0.1788
2329	6	97	0	0.1815
2330	6	99	0	0.1981
2331	6	99	0	0.1285
2332	6	100	0	0.1371
2333	5	99	0	0.1677
2334	6	98	0	0.1890
2335	5	100	0	0.1542
2336	6	100	0	0.1745
2337	6	96	0	0.2174
2338	5	100	0	0.0838
2339	5	98	0	0.1119
2340	5	100	0	0.0365
2341	5	100	0	0.0333
2342	5	100	0	0.0336
2343	5	99	0	0.0503
2344	5	100	0	0.0275
2345	5	100	0	0.1644
2346	5	100	0	0.0630
2347	5	98	0	0.0762
2348	5	99	0	0.1493
2349	5	99	0	0.0473
2350	5	100	0	0.0535
2351	6	99	0	0.1722
2352	5	95	0	0.2041
2353	5	100	0	0.0266
2354	5	100	0	0.0396
2355	6	99	0	0.1736
2356	5	100	0	0.0250
2357	5	100	0	0.0489
2358	5	99	0	0.1682
2359	5	95	0	0.2084
2360	5	100	0	0.0559
2361	6	100	0	0.1938
2362	6	99	0	0.1868
2363	6	100	0	0.1921
2364	6	93	0	0.2503
2365	6	100	0	0.1490
2366	6	100	0	0.1728
2367	6	96	0	0.1812
2368	6	100	0	0.1508
2369	6	99	0	0.1702
2370	6	100	0	0.1266
2371	6	100	0	0.1733
2372	6	100	0	0.1711
2373	6	98	0	0.1974
2374	6	92	0	0.1969
2375	6	96	0	0.2093
2376	6	100	0	0.1620
2377	6	90	0	0.3080
2378	6	92	0	0.2783
2379	6	100	0	0.1406
2380	5	100	0	0.0759
2381	6	99	0	0.1473
2382	5	99	0	0.1614
2383	5	93	0	0.2172
2384	5	100	0	0.1442
2385	5	100	0	0.0798
2386	5	100	0	0.1537
2387	5	98	0	0.0557
2388	5	99	0	0.1560
2389	5	100	0	0.0304
2390	5	99	0	0.0516
2391	5	100	0	0.1682
2392	5	98	0	0.1931
2393	5	100	0	0.0679
2394	5	100	0	0.0323
2395	5	99	0	0.1693
2396	5	99	0	0.0395
2397	5	99	0	0.1061
2398	6	100	0	0.1640
2399	5	100	0	0.0401
2400	5	100	0	0.0238
2401	8	96	0	0.2847
2402	6	76	0	0.3021
2403	6	100	0	0.1922
2404	6	100	0	0.1783
2405	6	100	0	0.1491
2406	6	100	0	0.1673
2407	6	100	0	0.1785
2408	6	100	0	0.1581
2409	6	99	0	0.1571
2410	6	95	0	0.1992
2411	6	98	0	0.2234
2412	5	100	0	0.1546
2413	6	100	0	0.1672
2414	6	100	0	0.1517
2415	6	95	0	0.2126
2416	6	99	0	0.1494
2417	5	100	0	0.1671
2418	5	100	0	0.1524
2419	6	97	0	0.1807
2420	6	97	0	0.1977
2421	5	100	0	0.0799
2422	6	98	0	0.1903
2423	5	100	0	0.0616
2424	6	100	0	0.1782
2425	5	100	0	0.0490
2426	5	100	0	0.0362
2427	5	100	0	0.1755
2428	5	96	0	0.2082
2429	5	99	0	0.0979
2430	5	100	0	0.1684
2431	5	99	0	0.0317
2432	5	100	0	0.0475
2433	5	99	0	0.0356
2434	5	98	0	0.0469
2435	5	100	0	0.1139
2436	5	97	0	0.1857
2437	5	100	0	0.1365
2438	5	100	0	0.0535
2439	5	100	0	0.0325
2440	5	99	0	0.0472
2441	6	99	0	0.2227
2442	7	88	0	0.3182
2443	6	74	0	0.3739
2444	6	100	0	0.1423
2445	6	100	0	0.1783
2446	6	100	0	0.1159
2447	6	100	0	0.1499
2448	6	98	0	0.1993
2449	6	100	0	0.1622
2450	6	100	0	0.1307
2451	6	100	0	0.1536
2452	6	99	0	0.1660
2453	6	100	0	0.1862
2454	6	100	0	0.1427
2455	5	100	0	0.1365
2456	5	100	0	0.1399
2457	5	100	0	0.0477
2458	6	97	0	0.2046
2459	6	100	0	0.1580
2460	6	95	0	0.2105
2461	6	91	0	0.2771
2462	5	98	0	0.1729
2463	5	100	0	0.0600
2464	5	100	0	0.0432
2465	5	100	0	0.1734
2466	5	100	0	0.0607
2467	6	100	0	0.1451
2468	5	99	0	0.1580
2469	5	97	0	0.1490
2470	5	99	0	0.0497
2471	5	100	0	0.1683
2472	5	100	0	0.0274
2473	5	97	0	0.1696
2474	5	100	0	0.0553
2475	5	100	0	0.0220
2476	5	100	0	0.1701
2477	5	100	0	0.0288
2478	5	100	0	0.1458
2479	5	99	0	0.0280
2480	5	100	0	0.1754
2481	7	81	0	0.3080
2482	6	78	0	0.3186
2483	6	100	0	0.1671
2484	6	100	0	0.1659
2485	6	100	0	0.1474
2486	6	100	0	0.1481
2487	6	98	0	0.1795
2488	6	100	0	0.1614
2489	6	100	0	0.1836
2490	6	99	0	0.2096
2491	6	100	0	0.1183
2492	6	100	0	0.1483
2493	6	98	0	0.2263
2494	5	100	0	0.0453
2495	6	100	0	0.1440
2496	6	100	0	0.1743
2497	5	99	0	0.1854
2498	5	100	0	0.1420
2499	6	100	0	0.1755
2500	6	99	0	0.1668
2501	6	98	0	0.1964
2502	5	100	0	0.1601
2503	6	97	0	0.2156
2504	5	99	0	0.1635
2505	5	99	0	0.1440
2506	5	99	0	0.1641
2507	5	99	0	0.1682
2508	5	100	0	0.0810
2509	5	98	0	0.1979
2510	5	100	0	0.1356
2511	5	100	0	0.0330
2512	5	99	0	0.1339
2513	5	100	0	0.0355
2514	5	98	0	0.1951
2515	5	100	0	0.0421
2516	5	98	0	0.1490
2517	5	99	0	0.0533
2518	5	95	0	0.1963
2519	5	100	0	0.0419
2520	5	99	0	0.0311
2521	6	84	0	0.2964
2522	6	99	0	0.1770
2523	6	100	0	0.1977
2524	6	100	0	0.1375
2525	6	89	0	0.2302
2526	6	97	0	0.1721
2527	6	100	0	0.1592
2528	6	100	0	0.1275
2529	6	100	0	0.1708
2530	5	100	0	0.0499
2531	6	99	0	0.2035
2532	5	100	0	0.0852
2533	5	100	0	0.1499
2534	6	96	0	0.1829
2535	6	97	0	0.1834
2536	6	99	0	0.1693
2537	6	100	0	0.1765
2538	5	100	0	0.0486
2539	5	98	0	0.0214
2540	6	96	0	0.2213
2541	6	99	0	0.1494
2542	5	100	0	0.1396
2543	5	100	0	0.1566
2544	5	100	0	0.1667
2545	5	100	0	0.1505
2546	6	99	0	0.1736
2547	5	100	0	0.0987
2548	5	99	0	0.1457
2549	5	100	0	0.0520
2550	5	100	0	0.1536
2551	5	100	0	0.0519
2552	5	100	0	0.0779
2553	6	96	0	0.1907
2554	5	99	0	0.1748
2555	6	96	0	0.1593
2556	5	100	0	0.1633
2557	5	99	0	0.1618
2558	5	100	0	0.1639
2559	5	100	0	0.0769
2560	5	100	0	0.0332
2561	8	97	0	0.2702
2562	6	99	0	0.2083
2563	6	100	0	0.1581
2564	6	100	0	0.1052
2565	6	100	0	0.1571
2566	6	100	0	0.1835
2567	6	100	0	0.1912
2568	6	100	0	0.1697
2569	6	100	0	0.1783
2570	6	98	0	0.1617
2571	6	100	0	0.1431
2572	5	100	0	0.1725
2573	6	99	0	0.1628
2574	6	100	0	0.1662
2575	6	99	0	0.1471
2576	6	100	0	0.1301
2577	6	99	0	0.1564
2578	6	99	0	0.1564
2579	6	99	0	0.1826
2580	6	100	0	0.1406
2581	6	95	0	0.2387
2582	5	99	0	0.0483
2583	5	100	0	0.1731
2584	5	100	0	0.0398
2585	5	100	0	0.1579
2586	5	98	0	0.0795
2587	6	96	0	0.2010
2588	6	100	0	0.1256
2589	5	100	0	0.0783
2590	5	98	0	0.0538
2591	6	98	0	0.1960
2592	5	100	0	0.1662
2593	5	100	0	0.0327
2594	5	100	0	0.1517
2595	5	100	0	0.0290
2596	5	99	0	0.1009
2597	5	100	0	0.0328
2598	5	100	0	0.1538
2599	5	100	0	0.0513
2600	5	100	0	0.1540
2601	7	95	0	0.2782
2602	6	89	0	0.3036
2603	6	100	0	0.1291
2604	7	79	0	0.3686
2605	6	100	0	0.1724
2606	6	100	0	0.1807
2607	6	90	0	0.1754
2608	6	100	0	0.1532
2609	6	100	0	0.1960
2610	6	100	0	0.1681
2611	6	99	0	0.2099
2612	6	100	0	0.1698
2613	5	100	0	0.1593
2614	6	100	0	0.0642
2615	5	100	0	0.1676
2616	6	98	0	0.1832
2617	5	100	0	0.0357
2618	6	100	0	0.1215
2619	6	100	0	0.1456
2620	6	85	0	0.3110
2621	6	99	0	0.1934
2622	5	100	0	0.1486
2623	6	100	0	0.1467
2624	6	100	0	0.1606
2625	5	100	0	0.1682
2626	5	99	0	0.1473
2627	5	100	0	0.0651
2628	5	99	0	0.1884
2629	6	80	1	0.3754
2630	5	100	0	0.0538
2631	5	100	0	0.0501
2632	5	100	0	0.1614
2633	5	100	0	0.0485
2634	5	99	0	0.1749
2635	5	99	0	0.1565
2636	5	97	0	0.1939
2637	5	99	0	0.0309
2638	5	100	0	0.1564
2639	5	100	0	0.1084
2640	5	100	0	0.1220
2641	6	100	0	0.2173
2642	6	98	0	0.2285
2643	6	100	0	0.0756
2644	6	100	0	0.1359
2645	6	100	0	0.1689
2646	6	100	0	0.1488
2647	6	100	0	0.1557
2648	6	100	0	0.1738
2649	6	100	0	0.1834
2650	6	99	0	0.1836
2651	6	99	0	0.1026
2652	6	97	0	0.1741
2653	6	95	0	0.2636
2654	5	100	0	0.1547
2655	6	99	0	0.1656
2656	6	95	0	0.1856
2657	6	99	0	0.1462
2658	5	100	0	0.1475
2659	6	99	0	0.1671
2660	6	99	0	0.1483
2661	6	99	0	0.1526
2662	5	99	0	0.0428
2663	6	84	0	0.2820
2664	5	100	0	0.1451
2665	6	100	0	0.1415
2666	6	100	0	0.1661
2667	6	100	0	0.1865
2668	5	99	0	0.1679
2669	5	100	0	0.0178
2670	5	100	0	0.0643
2671	5	98	0	0.1663
2672	5	100	0	0.0373
2673	5	100	0	0.1324
2674	5	99	0	0.0500
2675	5	100	0	0.1678
2676	5	100	0	0.1691
2677	5	100	0	0.1386
2678	5	100	0	0.1286
2679	5	100	0	0.0460
2680	5	100	0	0.0275
2681	7	100	0	0.2312
2682	6	99	0	0.2045
2683	6	100	0	0.1446
2684	6	100	0	0.1856
2685	6	100	0	0.1436
2686	6	100	0	0.1678
2687	6	100	0	0.1449
2688	6	100	0	0.1137
2689	6	99	0	0.1695
2690	6	100	0	0.1238
2691	6	98	0	0.2077
2692	6	99	0	0.1696
2693	6	94	0	0.2154
2694	5	100	0	0.1620
2695	6	97	0	0.2229
2696	6	99	0	0.1751
2697	5	100	0	0.1636
2698	5	100	0	0.0545
2699	6	99	0	0.1369
2700	5	100	0	0.0856
2701	6	99	0	0.1719
2702	5	100	0	0.0691
2703	6	99	0	0.1981
2704	5	99	0	0.0353
2705	6	100	0	0.1412
2706	5	100	0	0.1594
2707	5	100	0	0.1567
2708	6	100	0	0.1684
2709	5	100	0	0.1575
2710	5	100	0	0.1641
2711	6	100	0	0.1642
2712	5	100	0	0.0403
2713	5	100	0	0.1759
2714	5	100	0	0.1521
2715	5	99	0	0.0790
2716	5	100	0	0.0426
2717	5	100	0	0.0886
2718	5	99	0	0.0249
2719	6	99	0	0.1410
2720	5	100	0	0.0505
2721	7	95	0	0.2811
2722	6	100	0	0.1280
2723	6	100	0	0.1215
2724	7	93	0	0.2957
2725	6	97	0	0.2254
2726	6	100	0	0.1067
2727	6	100	0	0.1589
2728	6	100	0	0.1206
2729	5	100	0	0.1503
2730	6	100	0	0.1117
2731	6	100	0	0.1307
2732	6	100	0	0.1296
2733	5	100	0	0.1620
2734	5	100	0	0.1720
2735	6	100	0	0.1787
2736	6	100	0	0.1718
2737	5	100	0	0.1515
2738	6	99	0	0.1669
2739	5	100	0	0.0940
2740	5	100	0	0.1797
2741	6	97	0	0.2297
2742	6	91	0	0.2785
2743	5	100	0	0.1527
2744	5	100	0	0.0559
2745	5	100	0	0.1891
2746	6	100	0	0.1634
2747	5	100	0	0.1552
2748	5	100	0	0.1550
2749	6	98	0	0.1564
2750	6	100	0	0.1185
2751	5	100	0	0.1187
2752	5	99	0	0.1516
2753	6	97	0	0.1801
2754	5	99	0	0.0325
2755	5	100	0	0.1525
2756	5	100	0	0.0182
2757	5	100	0	0.0396
2758	5	100	0	0.0339
2759	5	100	0	0.1730
2760	5	100	0	0.0325
2761	6	100	0	0.2103
2762	7	83	0	0.2722
2763	6	99	0	0.1662
2764	6	75	0	0.2852
2765	6	100	0	0.1284
2766	6	100	0	0.1550
2767	6	100	0	0.1694
2768	6	100	0	0.1335
2769	6	100	0	0.1775
2770	5	100	0	0.1450
2771	6	100	0	0.1250
2772	6	100	0	0.1386
2773	5	100	0	0.1592
2774	6	100	0	0.1257
2775	6	100	0	0.1263
2776	6	100	0	0.1185
2777	6	100	0	0.1685
2778	5	100	0	0.1643
2779	5	100	0	0.1665
2780	6	100	0	0.1384
2781	6	99	0	0.1500
2782	5	100	0	0.1340
2783	6	98	0	0.1843
2784	5	100	0	0.1413
2785	6	98	0	0.1613
2786	6	94	0	0.2267
2787	5	99	0	0.0397
2788	5	100	0	0.0247
2789	5	100	0	0.1427
2790	6	100	0	0.1255
2791	6	100	0	0.1398
2792	6	96	0	0.1751
2793	6	100	0	0.1202
2794	5	100	0	0.0545
2795	5	100	0	0.0931
2796	5	98	0	0.1945
2797	5	97	0	0.1707
2798	5	100	0	0.0387
2799	5	99	0	0.1703
2800	5	100	0	0.1739
2801	7	97	0	0.2741
2802	6	99	0	0.1768
2803	6	100	0	0.1874
2804	6	100	0	0.1295
2805	6	100	0	0.1567
2806	6	96	0	0.1803
2807	6	100	0	0.1471
2808	6	100	0	0.1585
2809	6	99	0	0.1966
2810	6	100	0	0.1718
2811	5	100	0	0.0461
2812	6	100	0	0.1683
2813	6	100	0	0.1525
2814	6	100	0	0.1663
2815	6	100	0	0.1671
2816	6	98	0	0.1490
2817	6	100	0	0.1379
2818	6	100	0	0.1323
2819	6	100	0	0.1486
2820	5	100	0	0.1665
2821	6	100	0	0.1704
2822	6	100	0	0.1699
2823	6	100	0	0.1486
2824	5	99	0	0.1548
2825	6	100	0	0.1341
2826	5	100	0	0.0489
2827	5	100	0	0.1267
2828	5	100	0	0.1518
2829	6	98	0	0.1639
2830	5	100	0	0.0359
2831	6	99	0	0.1469
2832	5	100	0	0.0387
2833	5	100	0	0.1523
2834	5	100	0	0.1465
2835	5	99	0	0.0399
2836	5	100	0	0.0336
2837	5	100	0	0.0289
2838	5	99	0	0.0421
2839	5	99	0	0.1234
2840	5	100	0	0.0323
2841	7	90	0	0.2840
2842	8	92	0	0.2820
2843	6	100	0	0.1413
2844	6	99	0	0.1726
2845	6	100	0	0.1969
2846	6	100	0	0.1725
2847	6	100	0	0.1808
2848	6	100	0	0.1528
2849	5	100	0	0.1193
2850	6	100	0	0.1579
2851	6	100	0	0.1295
2852	6	100	0	0.1849
2853	6	100	0	0.1765
2854	6	100	0	0.1481
2855	5	100	0	0.1474
2856	6	100	0	0.1604
2857	6	99	0	0.1882
2858	6	100	0	0.1551
2859	6	100	0	0.1720
2860	6	100	0	0.1653
2861	5	100	0	0.1535
2862	5	100	0	0.1409
2863	5	100	0	0.1431
2864	6	99	0	0.1715
2865	6	93	0	0.2332
2866	5	99	0	0.0816
2867	5	100	0	0.0659
2868	5	100	0	0.1452
2869	5	100	0	0.0231
2870	5	99	0	0.1802
2871	5	100	0	0.0217
2872	5	100	0	0.1606
2873	5	100	0	0.0265
2874	6	100	0	0.1586
2875	5	100	0	0.1357
2876	5	100	0	0.0171
2877	5	100	0	0.1478
2878	5	100	0	0.1422
2879	5	100	0	0.1695
2880	5	99	0	0.0400
2881	7	96	0	0.2697
2882	6	100	0	0.2090
2883	6	100	0	0.1349
2884	6	100	0	0.1782
2885	6	100	0	0.1588
2886	6	100	0	0.1778
2887	6	100	0	0.1792
2888	6	100	0	0.1808
2889	6	99	0	0.1852
2890	6	100	0	0.1791
2891	6	98	0	0.1919
2892	6	97	0	0.2152
2893	6	100	0	0.1242
2894	6	100	0	0.1774
2895	6	99	0	0.1421
2896	6	99	0	0.1147
2897	6	100	0	0.1594
2898	6	100	0	0.1565
2899	6	97	0	0.1961
2900	5	100	0	0.0530
2901	6	99	0	0.1861
2902	6	98	0	0.1097
2903	6	99	0	0.1820
2904	5	100	0	0.0202
2905	5	100	0	0.0475
2906	5	100	0	0.1237
2907	5	100	0	0.1560
2908	5	100	0	0.1483
2909	5	100	0	0.1537
2910	5	100	0	0.1638
2911	6	95	0	0.2076
2912	5	100	0	0.1490
2913	6	100	0	0.1334
2914	6	100	0	0.1517
2915	5	100	0	0.1555
2916	5	100	0	0.1676
2917	6	100	0	0.1561
2918	5	100	0	0.1380
2919	5	99	0	0.0304
2920	5	100	0	0.0275
2921	6	100	0	0.1138
2922	6	100	0	0.1683
2923	6	73	0	0.2955
2924	6	96	0	0.1837
2925	6	100	0	0.1349
2926	6	100	0	0.1692
2927	6	100	0	0.1649
2928	6	100	0	0.1469
2929	6	100	0	0.1663
2930	6	100	0	0.1431
2931	6	100	0	0.1963
2932	6	100	0	0.0651
2933	6	99	0	0.1302
2934	6	99	0	0.1644
2935	6	100	0	0.1387
2936	6	100	0	0.1100
2937	6	100	0	0.1714
2938	5	100	0	0.1285
2939	6	100	0	0.1267
2940	5	100	0	0.1716
2941	5	100	0	0.0850
2942	6	100	0	0.1707
2943	6	99	0	0.1225
2944	5	100	0	0.1576
2945	6	100	0	0.1628
2946	6	97	0	0.1886
2947	5	100	0	0.1350
2948	5	99	0	0.1672
2949	5	98	0	0.1497
2950	5	100	0	0.0100
2951	6	100	0	0.1432
2952	5	100	0	0.0439
2953	6	100	0	0.1584
2954	5	100	0	0.0305
2955	6	99	0	0.1389
2956	5	100	0	0.0387
2957	5	100	0	0.0117
2958	5	100	0	0.1671
2959	5	100	0	0.0372
2960	5	100	0	0.0272
2961	6	100	0	0.1470
2962	6	100	0	0.1659
2963	6	100	0	0.1545
2964	6	100	0	0.1728
2965	6	100	0	0.1225
2966	6	99	0	0.1749
2967	6	100	0	0.1710
2968	6	100	0	0.1645
2969	6	100	0	0.1369
2970	6	100	0	0.1767
2971	6	100	0	0.1641
2972	6	100	0	0.1655
2973	6	100	0	0.1265
2974	6	100	0	0.1536
2975	6	100	0	0.1266
2976	6	100	0	0.1636
2977	5	100	0	0.1535
2978	5	100	0	0.0546
2979	5	100	0	0.1990
2980	6	97	0	0.1841
2981	6	100	0	0.1832
2982	5	100	0	0.1509
2983	5	100	0	0.1334
2984	5	100	0	0.1542
2985	5	100	0	0.0448
2986	6	97	0	0.1731
2987	6	100	0	0.1608
2988	6	93	0	0.1723
2989	5	100	0	0.0319
2990	5	100	0	0.0448
2991	5	100	0	0.0264
2992	6	100	0	0.1346
2993	5	100	0	0.1538
2994	5	100	0	0.0294
2995	6	100	0	0.1489
2996	6	99	0	0.1860
2997	6	100	0	0.1543
2998	5	100	0	0.1738
2999	5	100	0	0.1468
3000	5	100	0	0.0298
3001	6	100	0	0.1664
3002	6	100	0	0.2021
3003	6	100	0	0.1641
3004	6	100	0	0.1431
3005	6	100	0	0.1685
3006	6	100	0	0.1535
3007	6	100	0	0.1613
3008	6	100	0	0.1851
3009	6	100	0	0.1562
3010	6	100	0	0.0927
3011	6	100	0	0.1841
3012	6	100	0	0.1374
3013	6	97	0	0.2170
3014	6	100	0	0.1419
3015	5	100	0	0.1257
3016	5	100	0	0.0352
3017	6	100	0	0.1504
3018	6	99	0	0.1590
3019	6	100	0	0.1339
3020	6	99	0	0.1333
3021	6	100	0	0.1410
3022	6	99	0	0.1579
3023	6	100	0	0.1197
3024	6	100	0	0.1442
3025	5	100	0	0.1390
3026	6	100	0	0.1757
3027	5	100	0	0.0284
3028	5	100	0	0.1120
3029	6	100	0	0.1558
3030	6	82	1	0.3490
3031	5	100	0	0.1461
3032	5	100	0	0.1593
3033	6	100	0	0.1402
3034	5	100	0	0.1518
3035	6	100	0	0.1335
3036	6	100	0	0.1490
3037	5	99	0	0.1595
3038	5	99	0	0.1732
3039	5	100	0	0.0753
3040	5	100	0	0.0381
3041	6	85	0	0.2705
3042	6	100	0	0.1637
3043	6	100	0	0.1461
3044	6	97	0	0.2402
3045	6	100	0	0.1718
3046	6	100	0	0.1802
3047	6	100	0	0.1293
3048	6	100	0	0.1685
3049	6	100	0	0.1256
3050	6	100	0	0.1246
3051	6	100	0	0.1549
3052	6	100	0	0.1787
3053	6	100	0	0.1391
3054	6	100	0	0.1739
3055	6	100	0	0.1499
3056	6	100	0	0.1580
3057	6	95	0	0.2342
3058	6	100	0	0.1729
3059	6	100	0	0.0504
3060	5	100	0	0.1428
3061	5	100	0	0.1402
3062	5	100	0	0.1724
3063	5	100	0	0.1492
3064	6	100	0	0.1070
3065	6	100	0	0.1542
3066	6	100	0	0.1150
3067	5	100	0	0.0521
3068	5	100	0	0.0253
3069	6	99	0	0.1844
3070	6	100	0	0.1302
3071	5	100	0	0.0346
3072	5	100	0	0.1609
3073	5	100	0	0.1649
3074	5	100	0	0.0303
3075	5	100	0	0.0392
3076	5	100	0	0.1683
3077	5	100	0	0.1568
3078	5	100	0	0.0353
3079	5	100	0	0.0321
3080	6	99	0	0.1535
3081	6	100	0	0.1837
3082	8	98	0	0.2529
3083	6	100	0	0.0866
3084	6	100	0	0.1049
3085	6	100	0	0.1851
3086	6	100	0	0.1619
3087	6	100	0	0.0979
3088	6	100	0	0.1317
3089	6	100	0	0.1741
3090	6	100	0	0.1606
3091	6	100	0	0.1811
3092	6	100	0	0.1397
3093	5	100	0	0.1398
3094	6	100	0	0.1493
3095	6	98	0	0.2006
3096	6	100	0	0.1449
3097	6	100	0	0.1601
3098	6	98	0	0.1778
3099	5	100	0	0.1337
3100	6	99	0	0.1822
3101	6	99	0	0.1643
3102	6	100	0	0.0954
3103	5	100	0	0.1347
3104	6	100	0	0.1420
3105	6	100	0	0.1209
3106	6	100	0	0.1481
3107	5	100	0	0.1456
3108	6	100	0	0.1566
3109	5	100	0	0.1640
3110	6	96	0	0.2188
3111	5	100	0	0.0299
3112	5	100	0	0.1558
3113	5	100	0	0.1135
3114	5	100	0	0.0470
3115	5	100	0	0.1391
3116	5	100	0	0.1593
3117	6	100	0	0.1308
3118	5	100	0	0.0130
3119	5	100	0	0.0214
3120	5	100	0	0.1424
3121	7	98	0	0.2532
3122	6	100	0	0.1447
3123	7	91	0	0.2637
3124	6	100	0	0.1298
3125	6	100	0	0.1296
3126	6	100	0	0.1219
3127	6	100	0	0.0769
3128	6	100	0	0.1240
3129	6	100	0	0.1145
3130	6	100	0	0.1267
3131	6	98	0	0.1360
3132	5	100	0	0.1491
3133	6	100	0	0.1551
3134	5	100	0	0.1528
3135	6	100	0	0.1589
3136	6	95	0	0.1595
3137	6	93	0	0.2048
3138	6	100	0	0.1443
3139	6	100	0	0.1429
3140	6	97	0	0.1600
3141	6	99	0	0.1734
3142	5	100	0	0.0836
3143	5	100	0	0.1562
3144	5	100	0	0.0521
3145	6	100	0	0.1591
3146	6	100	0	0.1565
3147	5	100	0	0.0345
3148	5	100	0	0.0356
3149	6	100	0	0.1747
3150	5	99	0	0.1908
3151	6	97	0	0.1330
3152	5	100	0	0.1561
3153	5	100	0	0.0174
3154	6	100	0	0.1352
3155	5	100	0	0.0872
3156	5	100	0	0.0314
3157	5	100	0	0.1296
3158	5	100	0	0.0199
3159	5	100	0	0.0346
3160	5	100	0	0.0238
3161	6	92	0	0.2578
3162	6	100	0	0.1868
3163	7	77	0	0.3139
3164	6	100	0	0.1274
3165	6	100	0	0.1759
3166	6	100	0	0.1531
3167	6	100	0	0.1588
3168	6	100	0	0.1641
3169	5	100	0	0.1655
3170	6	98	0	0.1779
3171	6	100	0	0.1581
3172	6	100	0	0.1573
3173	6	100	0	0.1406
3174	6	100	0	0.1309
3175	5	100	0	0.1106
3176	6	100	0	0.1505
3177	5	100	0	0.0404
3178	6	100	0	0.1498
3179	6	100	0	0.1538
3180	5	100	0	0.0298
3181	5	100	0	0.1060
3182	6	99	0	0.1441
3183	6	100	0	0.1636
3184	5	100	0	0.0555
3185	5	100	0	0.1722
3186	5	100	0	0.1505
3187	5	100	0	0.0327
3188	5	100	0	0.1614
3189	6	100	0	0.1458
3190	5	100	0	0.1441
3191	5	100	0	0.0337
3192	6	100	0	0.1034
3193	5	100	0	0.1651
3194	5	100	0	0.1278
3195	5	100	0	0.1742
3196	6	100	0	0.1361
3197	5	100	0	0.0445
3198	5	100	0	0.0305
3199	5	100	0	0.0810
3200	5	100	0	0.1533
3201	6	100	0	0.1794
3202	7	100	0	0.2106
3203	6	100	0	0.2426
3204	6	100	0	0.1562
3205	6	100	0	0.1462
3206	6	100	0	0.1572
3207	6	100	0	0.1317
3208	6	100	0	0.1473
3209	6	100	0	0.1454
3210	6	100	0	0.1032
3211	6	99	0	0.1781
3212	6	100	0	0.1093
3213	6	100	0	0.1724
3214	6	99	0	0.1827
3215	6	100	0	0.1379
3216	5	100	0	0.0340
3217	6	100	0	0.0752
3218	5	100	0	0.1526
3219	6	98	0	0.1909
3220	6	96	0	0.1528
3221	6	92	0	0.2497
3222	6	100	0	0.1592
3223	5	100	0	0.0410
3224	6	99	0	0.1592
3225	5	100	0	0.1828
3226	5	100	0	0.0477
3227	6	100	0	0.1375
3228	6	100	0	0.0859
3229	5	100	0	0.0201
3230	6	100	0	0.1306
3231	6	97	0	0.1430
3232	5	100	0	0.0372
3233	5	100	0	0.0372
3234	5	100	0	0.1369
3235	5	100	0	0.0277
3236	5	100	0	0.0284
3237	6	98	0	0.1611
3238	6	100	0	0.1268
3239	5	100	0	0.0254
3240	6	100	0	0.1395
3241	8	91	0	0.2657
3242	6	100	0	0.1757
3243	6	100	0	0.1405
3244	6	100	0	0.1652
3245	6	100	0	0.1228
3246	6	100	0	0.1329
3247	6	100	0	0.1996
3248	6	100	0	0.0866
3249	6	98	0	0.1941
3250	6	100	0	0.1523
3251	6	100	0	0.1569
3252	6	100	0	0.1577
3253	6	100	0	0.1751
3254	6	100	0	0.1476
3255	6	100	0	0.1313
3256	6	98	0	0.1725
3257	6	100	0	0.1056
3258	6	100	0	0.1447
3259	6	99	0	0.1979
3260	6	100	0	0.1775
3261	6	100	0	0.1324
3262	5	100	0	0.1336
3263	6	100	0	0.1482
3264	6	100	0	0.0903
3265	6	100	0	0.1321
3266	5	100	0	0.1329
3267	6	100	0	0.1399
3268	6	100	0	0.1447
3269	6	100	0	0.1401
3270	5	100	0	0.0246
3271	5	100	0	0.1529
3272	5	100	0	0.1212
3273	6	99	0	0.1707
3274	6	98	0	0.1643
3275	6	99	0	0.1608
3276	5	100	0	0.1438
3277	5	100	0	0.1583
3278	5	100	0	0.0265
3279	5	100	0	0.1429
3280	5	100	0	0.0379
3281	7	92	0	0.2572
3282	6	100	0	0.2055
3283	6	100	0	0.1244
3284	6	100	0	0.1627
3285	6	100	0	0.1048
3286	6	100	0	0.1336
3287	6	100	0	0.1958
3288	6	100	0	0.1609
3289	6	100	0	0.0763
3290	5	100	0	0.1297
3291	6	100	0	0.1693
3292	6	100	0	0.1350
3293	6	100	0	0.1001
3294	6	100	0	0.1451
3295	6	100	0	0.1563
3296	6	100	0	0.1485
3297	6	99	0	0.1580
3298	6	100	0	0.1034
3299	5	100	0	0.1651
3300	6	99	0	0.1894
3301	6	100	0	0.1558
3302	6	99	0	0.1611
3303	6	100	0	0.1531
3304	6	100	0	0.1483
3305	6	100	0	0.1460
3306	5	100	0	0.0257
3307	5	100	0	0.0193
3308	6	100	0	0.1712
3309	5	100	0	0.1400
3310	5	100	0	0.0204
3311	5	100	0	0.0653
3312	6	100	0	0.1204
3313	5	100	0	0.0513
3314	5	100	0	0.1563
3315	5	100	0	0.0389
3316	5	100	0	0.0429
3317	5	100	0	0.1314
3318	5	100	0	0.1474
3319	5	100	0	0.1517
3320	5	99	0	0.1257
3321	6	98	0	0.2569
3322	6	100	0	0.2097
3323	6	100	0	0.1088
3324	6	100	0	0.1730
3325	6	100	0	0.1026
3326	6	100	0	0.1740
3327	6	100	0	0.1063
3328	6	100	0	0.1721
3329	6	100	0	0.0900
3330	6	100	0	0.1532
3331	6	100	0	0.1399
3332	6	100	0	0.1638
3333	6	100	0	0.1518
3334	6	100	0	0.1594
3335	5	100	0	0.0620
3336	6	100	0	0.1518
3337	5	100	0	0.1562
3338	6	100	0	0.0652
3339	6	100	0	0.1057
3340	6	100	0	0.1261
3341	5	100	0	0.0343
3342	5	100	0	0.1458
3343	6	100	0	0.1587
3344	6	100	0	0.0960
3345	6	100	0	0.1492
3346	5	100	0	0.1451
3347	5	100	0	0.0348
3348	6	100	0	0.1652
3349	6	100	0	0.1472
3350	6	100	0	0.1471
3351	5	100	0	0.1283
3352	6	100	0	0.1589
3353	6	100	0	0.1258
3354	5	100	0	0.1204
3355	5	100	0	0.1741
3356	5	100	0	0.0316
3357	6	100	0	0.1437
3358	5	100	0	0.0348
3359	5	100	0	0.1193
3360	5	100	0	0.0315
3361	6	90	0	0.2594
3362	6	100	0	0.1500
3363	6	100	0	0.1355
3364	6	100	0	0.1633
3365	6	100	0	0.1345
3366	6	100	0	0.1246
3367	6	100	0	0.0901
3368	6	100	0	0.1825
3369	6	100	0	0.1517
3370	6	100	0	0.1446
3371	6	100	0	0.1568
3372	5	100	0	0.1715
3373	6	99	0	0.1743
3374	5	100	0	0.1775
3375	6	100	0	0.1630
3376	6	98	0	0.1907
3377	6	100	0	0.1339
3378	6	100	0	0.1301
3379	6	100	0	0.1377
3380	6	100	0	0.1700
3381	6	100	0	0.1360
3382	6	100	0	0.1437
3383	5	100	0	0.0619
3384	5	100	0	0.0303
3385	5	100	0	0.1639
3386	5	100	0	0.1320
3387	6	100	0	0.1551
3388	5	100	0	0.0240
3389	6	100	0	0.1366
3390	6	100	0	0.1301
3391	5	100	0	0.0255
3392	6	99	0	0.0923
3393	6	100	0	0.1169
3394	6	100	0	0.1277
3395	5	100	0	0.1345
3396	5	100	0	0.1734
3397	5	100	0	0.1378
3398	5	100	0	0.0246
3399	6	100	0	0.1587
3400	5	100	0	0.1398
3401	6	100	0	0.1881
3402	6	100	0	0.1938
3403	6	100	0	0.1764
3404	6	100	0	0.1165
3405	6	100	0	0.1433
3406	6	100	0	0.1441
3407	7	92	0	0.2747
3408	6	100	0	0.1377
3409	6	100	0	0.0552
3410	6	100	0	0.1495
3411	6	100	0	0.1334
3412	6	100	0	0.1563
3413	6	100	0	0.1924
3414	6	100	0	0.1471
3415	6	100	0	0.1427
3416	5	100	0	0.1521
3417	6	100	0	0.1311
3418	6	100	0	0.1518
3419	6	100	0	0.1076
3420	6	100	0	0.1132
3421	6	100	0	0.1498
3422	6	100	0	0.1353
3423	6	100	0	0.1329
3424	5	100	0	0.1381
3425	5	100	0	0.0367
3426	6	99	0	0.1838
3427	5	100	0	0.0415
3428	6	100	0	0.1588
3429	5	100	0	0.1341
3430	6	100	0	0.1574
3431	6	100	0	0.1200
3432	5	100	0	0.1268
3433	6	99	0	0.1656
3434	5	100	0	0.0171
3435	5	99	0	0.1644
3436	6	99	0	0.1558
3437	6	100	0	0.0819
3438	5	100	0	0.1529
3439	5	100	0	0.1687
3440	5	100	0	0.0265
3441	6	100	0	0.1677
3442	6	100	0	0.2038
3443	7	88	0	0.2565
3444	6	100	0	0.0969
3445	6	100	0	0.0994
3446	6	100	0	0.1379
3447	6	99	0	0.1861
3448	6	100	0	0.1581
3449	6	100	0	0.1616
3450	6	100	0	0.1425
3451	6	100	0	0.1445
3452	6	100	0	0.1518
3453	6	100	0	0.1585
3454	6	100	0	0.1432
3455	6	100	0	0.1547
3456	6	100	0	0.1454
3457	6	100	0	0.1513
3458	6	100	0	0.1611
3459	5	100	0	0.1530
3460	5	100	0	0.1013
3461	6	100	0	0.1630
3462	5	100	0	0.1402
3463	6	100	0	0.1372
3464	6	100	0	0.1566
3465	5	100	0	0.1283
3466	6	100	0	0.1434
3467	6	100	0	0.1503
3468	5	100	0	0.1526
3469	5	100	0	0.0353
3470	6	100	0	0.1335
3471	6	100	0	0.1313
3472	6	100	0	0.1549
3473	6	100	0	0.1454
3474	6	100	0	0.0455
3475	6	100	0	0.1384
3476	5	100	0	0.1554
3477	6	100	0	0.1552
3478	5	100	0	0.1367
3479	5	100	0	0.1282
3480	6	100	0	0.1106
3481	8	99	0	0.2498
3482	6	100	0	0.1626
3483	6	100	0	0.1451
3484	6	100	0	0.1238
3485	6	100	0	0.1637
3486	6	100	0	0.1561
3487	6	100	0	0.1036
3488	6	100	0	0.1775
3489	6	100	0	0.1498
3490	6	100	0	0.1719
3491	6	100	0	0.0983
3492	6	100	0	0.1565
3493	6	100	0	0.1793
3494	5	100	0	0.0992
3495	6	100	0	0.1582
3496	5	100	0	0.1277
3497	6	100	0	0.0589
3498	6	99	0	0.2025
3499	6	98	0	0.2026
3500	6	100	0	0.1371
3501	6	100	0	0.0838
3502	5	100	0	0.0618
3503	5	100	0	0.0374
3504	6	100	0	0.1354
3505	6	100	0	0.1599
3506	6	100	0	0.1368
3507	5	100	0	0.0192
3508	6	100	0	0.1186
3509	6	100	0	0.1096
3510	6	100	0	0.0295
3511	5	100	0	0.0222
3512	6	100	0	0.1256
3513	5	100	0	0.1367
3514	5	100	0	0.1438
3515	6	100	0	0.1528
3516	6	100	0	0.1011
3517	6	100	0	0.1304
3518	5	100	0	0.0842
3519	6	100	0	0.1440
3520	5	100	0	0.1658
3521	7	93	0	0.2539
3522	6	100	0	0.1567
3523	6	100	0	0.2063
3524	6	100	0	0.1885
3525	6	100	0	0.1900
3526	6	100	0	0.1521
3527	6	98	0	0.2165
3528	6	100	0	0.1043
3529	5	100	0	0.1607
3530	6	100	0	0.1335
3531	6	100	0	0.1569
3532	6	100	0	0.1278
3533	6	100	0	0.1503
3534	6	100	0	0.1310
3535	5	100	0	0.1418
3536	6	100	0	0.1246
3537	6	100	0	0.1412
3538	6	100	0	0.1338
3539	6	100	0	0.1391
3540	6	100	0	0.1321
3541	6	100	0	0.0297
3542	5	100	0	0.0418
3543	6	100	0	0.1431
3544	6	100	0	0.1515
3545	6	100	0	0.1442
3546	6	100	0	0.1310
3547	6	99	0	0.1406
3548	6	100	0	0.1045
3549	6	100	0	0.1464
3550	6	100	0	0.1167
3551	6	100	0	0.1537
3552	5	100	0	0.0338
3553	5	100	0	0.0382
3554	6	100	0	0.1573
3555	5	100	0	0.1666
3556	5	100	0	0.1617
3557	6	99	0	0.1512
3558	6	100	0	0.1274
3559	6	100	0	0.1329
3560	6	100	0	0.1215
3561	6	100	0	0.0969
3562	6	100	0	0.1644
3563	6	100	0	0.1471
3564	6	99	0	0.2040
3565	6	100	0	0.1466
3566	6	100	0	0.1120
3567	6	100	0	0.1097
3568	6	100	0	0.1652
3569	6	100	0	0.1381
3570	6	100	0	0.1383
3571	6	100	0	0.0598
3572	6	100	0	0.1384
3573	6	100	0	0.1808
3574	5	100	0	0.1506
3575	6	100	0	0.1064
3576	6	100	0	0.1649
3577	5	100	0	0.0311
3578	5	100	0	0.1465
3579	6	100	0	0.1404
3580	6	100	0	0.1636
3581	5	100	0	0.1558
3582	5	100	0	0.1400
3583	6	100	0	0.1653
3584	6	100	0	0.1097
3585	5	100	0	0.1585
3586	6	100	0	0.1493
3587	5	100	0	0.1442
3588	6	100	0	0.1356
3589	5	100	0	0.1631
3590	5	100	0	0.1170
3591	6	100	0	0.1545
3592	6	100	0	0.1313
3593	5	100	0	0.0215
3594	6	100	0	0.0407
3595	6	100	0	0.1559
3596	6	100	0	0.1411
3597	6	100	0	0.1262
3598	6	100	0	0.1201
3599	5	100	0	0.1315
3600	6	100	0	0.1318
