sim	per	nosc	ntonic	NED
1	50	1	0	0.2294
2	5	10	0	0.3910
3	5	13	0	0.0153
4	6	11	0	0.2605
5	5	8	2	0.5094
6	5	15	0	0.0000
7	5	11	1	0.3832
8	5	19	0	0.0315
9	5	23	0	0.2097
10	5	6	0	0.4191
11	5	17	0	0.0000
12	5	27	0	0.0000
13	5	11	0	0.0402
14	13	9	0	0.5024
15	6	10	1	0.4931
16	50	2	0	0.7669
17	50	5	1	0.1986
18	5	14	0	0.3251
19	50	10	0	0.4387
20	5	7	0	0.0000
21	5	17	0	0.3533
22	5	15	1	0.4258
23	4	2	1	0.2231
24	5	12	0	0.2972
25	5	12	1	0.5271
26	5	13	0	0.0000
27	5	14	2	0.4940
28	5	19	0	0.0421
29	5	14	2	0.4386
30	5	18	1	0.4191
31	6	14	1	0.3120
32	5	28	0	0.0000
33	5	28	0	0.0270
34	5	7	0	0.5630
35	8	14	1	0.5525
36	5	14	0	0.1565
37	5	23	0	0.2835
38	5	12	0	0.0000
39	5	38	0	0.0000
40	5	7	1	0.5848
41	5	11	0	0.3569
42	5	13	1	0.0697
43	5	13	1	0.3720
44	50	3	0	0.5215
45	5	14	0	0.1750
46	5	22	0	0.0000
47	6	3	0	0.1272
48	50	0	0	0.5528
49	4	4	0	0.0211
50	6	2	0	0.1571
51	5	10	1	0.2922
52	5	24	0	0.0000
53	5	23	1	0.0267
54	5	13	0	0.0649
55	5	10	1	0.3499
56	5	12	0	0.4057
57	50	1	1	0.4267
58	5	9	2	0.4362
59	5	11	0	0.3167
60	5	11	1	0.3174
61	6	21	0	0.2087
62	5	11	2	0.4619
63	50	0	0	NaN
64	50	1	0	0.4471
65	5	13	0	0.0000
66	4	5	1	0.4816
67	5	12	0	0.3012
68	5	17	0	0.0000
69	5	12	0	0.0000
70	4	6	1	0.3977
71	5	12	1	0.3142
72	5	9	1	0.4861
73	5	14	0	0.3964
74	5	26	0	0.0531
75	5	11	2	0.4114
76	5	11	0	0.2293
77	5	15	0	0.0000
78	50	7	1	0.4121
79	6	2	0	0.1256
80	5	11	1	0.3647
81	50	3	0	0.5421
82	6	6	0	0.3226
83	5	16	0	0.0000
84	5	12	0	0.0000
85	5	33	0	0.1855
86	5	16	1	0.3331
87	5	1	1	0.0765
88	5	10	1	0.2032
89	5	19	1	0.2520
90	5	10	0	0.3724
91	5	20	0	0.0000
92	5	18	0	0.0795
93	5	10	0	0.1973
94	5	14	0	0.1257
95	5	25	0	0.2060
96	5	15	0	0.3582
97	5	12	1	0.3137
98	5	1	0	0.2106
99	5	23	1	0.2328
100	5	17	0	0.0000
101	6	7	0	0.4452
102	5	17	1	0.4254
103	5	8	0	0.0000
104	5	2	3	0.5374
105	6	23	0	0.2060
106	6	2	0	0.1082
107	6	12	1	0.4378
108	6	9	1	0.4726
109	5	43	0	0.0218
110	5	8	0	0.1948
111	6	1	0	0.0791
112	5	5	0	0.1810
113	5	1	3	0.3623
114	5	8	0	0.3072
115	5	18	0	0.0507
116	5	11	0	0.0000
117	5	18	0	0.1755
118	5	13	0	0.3398
119	5	10	1	0.4115
120	6	10	1	0.5393
121	5	11	1	0.4331
122	6	23	0	0.2470
123	5	6	1	0.3790
124	5	10	0	0.3350
125	5	32	0	0.2105
126	5	12	1	0.1799
127	5	10	0	0.0000
128	5	23	0	0.3090
129	5	7	1	0.5222
130	5	5	0	0.4569
131	5	24	0	0.1665
132	5	8	0	0.5070
133	6	4	0	0.2002
134	50	1	0	0.3508
135	5	2	3	0.1996
136	5	7	0	0.2128
137	5	9	0	0.3480
138	5	13	0	0.0000
139	5	4	0	0.3423
140	12	8	0	0.5139
141	4	2	0	0.0735
142	5	14	0	0.3468
143	5	23	0	0.0310
144	5	10	0	0.0000
145	5	12	0	0.3336
146	5	19	0	0.0000
147	5	9	0	0.2567
148	5	26	0	0.0218
149	5	9	1	0.5802
150	5	12	2	0.4207
151	4	5	0	0.2025
152	5	7	1	0.3520
153	5	16	0	0.0228
154	5	7	0	0.1829
155	50	2	2	0.5306
156	5	7	0	0.0315
157	5	7	0	0.1127
158	4	8	1	0.5231
159	50	11	1	0.5119
160	5	15	2	0.5012
161	5	17	0	0.0000
162	6	20	0	0.1787
163	5	16	0	0.0000
164	5	23	0	0.0000
165	5	12	0	0.2005
166	5	20	0	0.0000
167	5	2	1	0.1437
168	5	15	0	0.0000
169	5	5	1	0.3809
170	5	17	0	0.0000
171	5	17	1	0.3511
172	5	11	2	0.5203
173	5	21	1	0.2133
174	5	4	0	0.1333
175	5	19	0	0.2383
176	5	17	0	0.0000
177	5	7	0	0.1311
178	50	0	0	0.9077
179	6	5	0	0.1498
180	5	32	0	0.0000
181	4	3	1	0.1722
182	5	8	1	0.4604
183	6	22	0	0.3862
184	5	16	0	0.0587
185	5	7	1	0.2343
186	5	21	0	0.1875
187	5	26	0	0.2095
188	5	12	0	0.1354
189	6	5	1	0.1527
190	5	4	1	0.4371
191	5	16	0	0.2096
192	5	10	1	0.5088
193	5	17	0	0.0000
194	5	12	1	0.2638
195	5	11	1	0.5331
196	5	7	0	0.4383
197	5	20	0	0.0186
198	6	10	1	0.4418
199	5	17	1	0.3986
200	5	14	1	0.2795
201	5	11	0	0.0273
202	5	5	2	0.3317
203	5	13	1	0.2376
204	5	13	1	0.4338
205	5	8	1	0.1526
206	5	20	0	0.3338
207	6	22	0	0.1162
208	5	9	1	0.3404
209	5	15	0	0.0000
210	5	4	6	0.3513
211	5	5	0	0.0340
212	5	13	1	0.5264
213	5	8	0	0.0552
214	5	19	0	0.0435
215	5	7	2	0.4509
216	5	10	1	0.4167
217	6	1	0	0.1353
218	5	40	0	0.1408
219	5	7	1	0.5175
220	5	10	1	0.4558
221	5	24	0	0.0147
222	5	20	0	0.3675
223	5	10	1	0.1407
224	5	14	3	0.5112
225	50	14	0	0.6895
226	5	10	0	0.0134
227	5	11	1	0.5109
228	6	10	1	0.4080
229	5	9	0	0.2833
230	5	7	1	0.3450
231	6	12	1	0.4978
232	5	6	1	0.4696
233	5	19	0	0.0848
234	5	14	2	0.5176
235	6	12	1	0.5265
236	5	14	1	0.2512
237	5	15	0	0.2077
238	6	28	0	0.1617
239	5	8	0	0.3218
240	5	14	1	0.4850
241	5	11	1	0.4030
242	6	17	0	0.3056
243	5	13	0	0.1947
244	6	6	0	0.2049
245	5	23	0	0.2637
246	5	16	1	0.4875
247	5	7	1	0.4673
248	5	3	0	0.0208
249	5	21	1	0.2781
250	5	17	0	0.2517
251	5	18	0	0.0000
252	5	13	0	0.1191
253	5	15	0	0.0000
254	5	8	1	0.4008
255	5	3	0	0.4250
256	5	18	0	0.2054
257	5	5	1	0.1129
258	5	6	1	0.3221
259	5	33	0	0.0000
260	7	8	1	0.4998
261	2	3	2	0.2791
262	5	18	0	0.0000
263	5	20	0	0.0388
264	7	3	0	0.1403
265	5	8	0	0.0762
266	5	6	1	0.4641
267	5	10	1	0.4619
268	5	20	0	0.0000
269	5	24	0	0.0881
270	5	11	0	0.0000
271	5	20	0	0.2959
272	12	8	0	0.3946
273	5	14	2	0.4924
274	5	6	0	0.4068
275	6	10	1	0.2327
276	5	1	3	0.4371
277	50	1	0	0.4471
278	50	2	0	0.5223
279	5	3	0	0.1962
280	5	21	0	0.0000
281	5	29	0	0.1251
282	5	9	0	0.3403
283	5	2	0	0.2723
284	5	9	1	0.3523
285	6	13	0	0.2913
286	5	12	1	0.2855
287	50	1	0	NaN
288	5	7	0	0.3611
289	2	1	1	0.3879
290	5	16	0	0.0374
291	5	9	0	0.4041
292	5	7	0	0.3469
293	5	23	0	0.0145
294	5	13	0	0.0000
295	5	17	0	0.2603
296	5	20	0	0.0000
297	6	14	0	0.3476
298	5	9	1	0.4545
299	5	9	1	0.4391
300	5	24	0	0.0194
301	6	11	0	0.1807
302	4	0	1	0.4487
303	6	16	1	0.3536
304	5	11	1	0.2824
305	5	11	1	0.5033
306	5	16	0	0.0000
307	5	14	0	0.0213
308	5	7	1	0.5483
309	5	4	0	0.1061
310	5	7	1	0.5690
311	5	16	0	0.0000
312	5	13	0	0.0000
313	5	19	0	0.0000
314	5	13	0	0.3605
315	5	16	0	0.2225
316	6	24	0	0.2023
317	6	8	1	0.2919
318	50	3	1	0.5347
319	5	16	0	0.1695
320	5	19	0	0.4024
321	9	5	0	0.4388
322	5	10	1	0.5034
323	5	16	0	0.2048
324	6	10	0	0.4161
325	5	5	0	0.0978
326	5	11	0	0.1577
327	5	21	0	0.2124
328	5	5	0	0.0770
329	5	11	1	0.2396
330	5	8	0	0.1649
331	5	21	0	0.0000
332	5	11	1	0.3554
333	5	17	2	0.4433
334	5	14	1	0.5068
335	5	8	0	0.3799
336	5	16	0	0.0000
337	5	15	0	0.0179
338	5	15	1	0.3778
339	5	15	0	0.2868
340	5	17	0	0.3039
341	5	14	1	0.3808
342	5	16	1	0.3331
343	50	2	0	0.5667
344	5	2	1	0.1239
345	5	13	0	0.0236
346	5	11	0	0.1162
347	5	20	0	0.0129
348	5	13	1	0.1900
349	5	5	0	0.2993
350	5	20	0	0.3036
351	5	20	0	0.2347
352	50	6	1	0.5008
353	5	10	0	0.3728
354	5	8	2	0.6047
355	5	17	0	0.2753
356	5	17	0	0.2320
357	5	17	0	0.4447
358	6	28	0	0.0000
359	6	5	1	0.0779
360	5	5	0	0.2348
361	6	15	0	0.1861
362	6	2	0	0.1082
363	5	8	0	0.2059
364	5	14	0	0.3409
365	5	6	0	0.0211
366	5	10	1	0.4376
367	5	11	1	0.4972
368	6	13	1	0.4782
369	4	11	1	0.3335
370	5	15	1	0.2298
371	5	7	0	0.1009
372	5	6	1	0.4570
373	4	5	2	0.0325
374	5	16	0	0.0641
375	5	15	1	0.2924
376	5	9	1	0.3903
377	7	6	3	0.2908
378	5	18	0	0.0000
379	5	22	1	0.0856
380	6	6	0	0.1604
381	5	15	0	0.0000
382	5	21	0	0.0000
383	5	10	2	0.6025
384	5	14	1	0.3810
385	5	12	1	0.2932
386	6	28	0	0.1333
387	5	4	0	0.2074
388	5	2	0	0.1125
389	6	12	0	0.1716
390	5	6	0	0.1923
391	5	10	0	0.0203
392	5	24	0	0.0676
393	6	12	0	0.4164
394	6	7	2	0.3870
395	5	29	0	0.2060
396	5	11	0	0.0000
397	5	13	0	0.0000
398	4	2	2	0.0519
399	6	3	1	0.2034
400	6	14	1	0.4098
401	5	7	1	0.4185
402	5	15	0	0.3969
403	6	25	1	0.2209
404	5	23	0	0.2073
405	4	5	2	0.1131
406	5	5	0	0.3066
407	50	5	0	0.2867
408	5	13	0	0.0907
409	5	16	0	0.0228
410	6	0	4	0.1093
411	5	15	0	0.0000
412	5	7	0	0.0315
413	6	4	1	0.4306
414	8	8	0	0.4882
415	5	21	0	0.0000
416	5	7	2	0.5646
417	5	23	0	0.0096
418	6	23	0	0.1602
419	5	11	0	0.1270
420	5	22	0	0.0440
421	5	12	1	0.3840
422	5	15	1	0.4909
423	5	17	2	0.4157
424	5	7	1	0.6104
425	5	14	1	0.4912
426	5	9	2	0.4914
427	6	19	0	0.2662
428	5	22	0	0.0000
429	5	14	0	0.0476
430	5	14	0	0.1424
431	5	15	1	0.3042
432	5	9	1	0.4451
433	5	20	0	0.2208
434	5	23	0	0.2422
435	5	16	0	0.0269
436	5	6	1	0.4481
437	5	15	0	0.0183
438	5	9	0	0.4254
439	6	11	1	0.2021
440	6	11	2	0.5063
441	5	18	0	0.0000
442	5	15	1	0.3444
443	5	9	0	0.0000
444	5	13	0	0.0240
445	5	14	0	0.0000
446	5	8	2	0.1456
447	5	10	2	0.1789
448	5	12	0	0.0000
449	4	8	0	0.1344
450	5	4	1	0.4227
451	5	7	1	0.4434
452	6	6	1	0.3588
453	5	29	0	0.3036
454	5	9	1	0.5025
455	5	16	0	0.2469
456	5	14	0	0.0000
457	5	14	1	0.3279
458	5	2	0	0.2110
459	5	8	0	0.0596
460	6	12	2	0.5061
461	4	1	5	0.3738
462	5	7	1	0.4313
463	5	7	0	0.1247
464	6	7	0	0.1951
465	50	4	0	0.3156
466	50	0	0	NaN
467	5	15	0	0.0000
468	8	13	2	0.4793
469	5	14	0	0.2138
470	5	12	1	0.3224
471	5	11	1	0.4939
472	5	11	1	0.2206
473	6	17	0	0.1276
474	5	7	1	0.5483
475	5	12	0	0.2982
476	5	7	0	0.2722
477	5	14	0	0.0000
478	5	9	0	0.0000
479	6	15	0	0.3380
480	6	6	0	0.1066
481	5	17	0	0.0000
482	5	9	1	0.3403
483	5	13	0	0.0000
484	5	10	2	0.5708
485	5	22	0	0.1971
486	5	12	0	0.2657
487	5	19	0	0.0000
488	6	3	2	0.1959
489	5	20	0	0.0000
490	5	34	0	0.0542
491	5	20	0	0.3144
492	5	13	0	0.0000
493	5	13	0	0.0291
494	5	25	0	0.0347
495	2	1	2	0.2875
496	5	16	1	0.4338
497	5	25	0	0.2130
498	5	19	0	0.2107
499	5	18	2	0.4258
500	5	3	0	0.0208
501	6	9	2	0.3625
502	5	10	0	0.1903
503	8	2	0	0.3070
504	5	11	1	0.4751
505	5	18	0	0.0000
506	5	10	2	0.3645
507	5	16	0	0.1799
508	5	13	0	0.0192
509	5	18	0	0.0000
510	5	23	0	0.2626
511	7	8	1	0.4998
512	6	21	0	0.1702
513	5	15	0	0.0235
514	5	13	0	0.0000
515	50	0	0	NaN
516	5	0	1	0.1173
517	6	3	1	0.1484
518	5	22	0	0.0510
519	5	12	0	0.0369
520	5	16	2	0.4351
521	5	13	0	0.2747
522	5	14	1	0.3426
523	5	5	0	0.3554
524	5	22	0	0.1940
525	5	18	0	0.0257
526	5	24	1	0.3147
527	6	2	0	0.1082
528	6	9	0	0.2992
529	6	6	0	0.5191
530	5	7	1	0.4765
531	5	13	1	0.4110
532	5	17	0	0.0160
533	5	15	0	0.0000
534	7	11	0	0.4364
535	5	10	0	0.0000
536	5	7	0	0.2688
537	5	15	0	0.1409
538	5	18	1	0.3478
539	5	20	0	0.0000
540	5	20	0	0.0000
541	5	4	0	0.1074
542	5	14	0	0.0213
543	5	22	1	0.3328
544	5	17	0	0.0000
545	5	19	0	0.0143
546	5	18	1	0.3686
547	5	12	1	0.3379
548	5	2	0	0.1511
549	5	9	0	0.3467
550	5	14	1	0.1615
551	6	18	0	0.3851
552	5	10	1	0.4331
553	6	12	0	0.2775
554	5	16	0	0.3575
555	7	2	0	0.1424
556	5	7	0	0.3947
557	6	9	1	0.5029
558	5	8	1	0.2680
559	5	21	0	0.0311
560	2	3	1	0.1537
561	6	6	0	0.1840
562	5	9	1	0.3023
563	5	15	0	0.2251
564	5	17	2	0.5055
565	5	21	0	0.2577
566	5	12	0	0.0217
567	5	9	1	0.4226
568	5	10	1	0.5088
569	5	6	1	0.2488
570	5	19	1	0.3164
571	5	12	2	0.2931
572	5	22	0	0.0000
573	5	13	0	0.0000
574	5	11	1	0.1165
575	5	21	0	0.2124
576	5	28	0	0.0667
577	5	10	2	0.4363
578	5	7	1	0.4930
579	5	13	0	0.4146
580	5	19	0	0.0000
581	5	6	0	0.0665
582	5	20	1	0.4582
583	6	12	1	0.5407
584	5	15	1	0.3650
585	6	11	1	0.4417
586	5	5	0	0.0330
587	5	20	1	0.1785
588	5	19	0	0.1793
589	50	4	1	0.3656
590	5	18	0	0.0000
591	5	10	1	0.5545
592	5	19	0	0.2579
593	6	1	0	0.1943
594	5	19	1	0.3301
595	5	13	0	0.2186
596	5	19	0	0.0106
597	4	0	4	NaN
598	5	20	0	0.0000
599	5	18	0	0.0000
600	5	10	0	0.0000
601	6	25	0	0.1520
602	5	20	0	0.2798
603	5	20	0	0.0000
604	5	18	0	0.1825
605	5	14	0	0.3251
606	5	15	0	0.0200
607	5	17	0	0.0000
608	5	18	1	0.3559
609	5	6	1	0.2754
610	7	6	0	0.4943
611	5	9	0	0.0000
612	5	5	0	0.1573
613	5	15	0	0.0298
614	5	28	0	0.0499
615	5	9	1	0.4633
616	5	24	1	0.2087
617	5	4	0	0.0863
618	5	5	1	0.3422
619	4	7	1	0.5321
620	5	14	1	0.4689
621	6	11	1	0.4003
622	4	2	0	0.0538
623	5	7	0	0.2608
624	5	7	0	0.3703
625	5	18	1	0.3194
626	6	13	0	0.4537
627	5	11	1	0.3907
628	5	10	0	0.0222
629	4	7	2	0.5795
630	5	22	0	0.2934
631	5	40	0	0.2122
632	5	14	0	0.0242
633	6	1	1	0.1092
634	50	0	0	0.3660
635	5	7	1	0.5160
636	50	2	0	0.2097
637	5	11	2	0.3465
638	6	10	2	0.4259
639	5	14	0	0.3377
640	5	15	0	0.0000
641	5	28	0	0.0263
642	4	3	2	0.2390
643	50	1	0	0.7380
644	6	12	1	0.5487
645	5	13	0	0.0000
646	5	17	0	0.0000
647	5	8	1	0.4081
648	5	2	0	0.2597
649	5	15	0	0.2074
650	5	13	0	0.0342
651	5	22	0	0.0208
652	50	0	0	NaN
653	5	14	1	0.2349
654	50	1	0	NaN
655	5	12	0	0.2105
656	5	2	3	0.2298
657	5	21	2	0.3863
658	5	9	1	0.4614
659	5	16	0	0.4455
660	5	22	0	0.1526
661	5	16	0	0.0175
662	5	16	1	0.3436
663	5	19	0	0.0000
664	5	14	0	0.0000
665	5	11	0	0.1724
666	5	11	0	0.3327
667	5	17	1	0.3628
668	6	31	0	0.2752
669	6	8	1	0.4323
670	5	12	0	0.0569
671	5	12	0	0.3511
672	5	28	0	0.1837
673	5	14	0	0.0000
674	5	14	1	0.1615
675	5	5	0	0.0723
676	5	14	1	0.4327
677	2	2	1	0.2118
678	5	15	1	0.4079
679	6	13	1	0.4395
680	5	14	0	0.2612
681	5	1	1	0.4829
682	5	21	1	0.3427
683	50	0	0	NaN
684	5	39	0	0.0219
685	5	10	1	0.5164
686	5	15	1	0.4245
687	5	20	0	0.1569
688	5	18	0	0.2790
689	50	4	1	0.4587
690	5	14	2	0.4592
691	5	13	1	0.2987
692	5	7	0	0.1990
693	5	4	0	0.3688
694	3	1	0	0.1409
695	5	25	0	0.2758
696	50	0	2	0.0700
697	5	11	1	0.4688
698	20	4	2	0.3412
699	5	9	1	0.4559
700	5	22	0	0.2209
701	6	2	0	0.1524
702	5	13	0	0.0000
703	5	9	1	0.5891
704	5	13	0	0.4118
705	5	16	1	0.3466
706	2	2	2	0.3486
707	50	3	2	0.3779
708	5	11	0	0.3186
709	5	15	0	0.0000
710	5	7	0	0.3841
711	5	10	1	0.3758
712	5	11	0	0.0183
713	5	12	1	0.3822
714	5	5	1	0.3948
715	5	14	1	0.3808
716	5	16	0	0.0259
717	5	12	1	0.2445
718	5	7	0	0.4293
719	5	9	0	0.0382
720	5	14	0	0.0716
721	5	2	0	0.0757
722	6	15	0	0.3199
723	5	15	1	0.4021
724	5	9	0	0.0323
725	6	6	1	0.3169
726	5	14	0	0.1765
727	5	28	1	0.2023
728	5	12	1	0.3926
729	5	16	0	0.3089
730	5	9	1	0.3508
731	5	14	1	0.4843
732	5	26	0	0.2252
733	5	13	0	0.3906
734	6	18	0	0.3489
735	5	11	1	0.4786
736	5	13	2	0.4777
737	5	9	0	0.3034
738	9	5	0	0.4388
739	6	9	0	0.5271
740	5	6	0	0.1196
741	5	17	0	0.0391
742	5	13	0	0.2525
743	4	2	1	0.2576
744	5	13	0	0.0288
745	5	18	1	0.3689
746	5	4	0	0.0863
747	5	23	0	0.2802
748	5	17	0	0.0537
749	5	12	0	0.3212
750	5	19	1	0.4185
751	5	12	1	0.5810
752	5	8	0	0.1730
753	5	19	0	0.2737
754	5	7	0	0.5667
755	5	10	1	0.3251
756	5	19	0	0.2359
757	5	9	0	0.0242
758	6	21	1	0.3383
759	5	21	1	0.3507
760	5	12	1	0.0447
761	5	14	0	0.2138
762	5	8	1	0.3853
763	5	10	2	0.3874
764	5	14	0	0.0335
765	5	10	1	0.5228
766	5	28	0	0.0493
767	5	13	2	0.3780
768	5	15	1	0.3715
769	5	12	0	0.0000
770	5	19	0	0.3128
771	5	40	0	0.1732
772	5	16	0	0.1881
773	5	17	1	0.2265
774	5	15	0	0.0000
775	5	8	1	0.5509
776	6	11	1	0.4712
777	5	11	0	0.3378
778	5	5	0	0.4533
779	5	23	0	0.0000
780	4	14	1	0.0738
781	5	18	0	0.2095
782	5	15	0	0.2921
783	5	15	0	0.2307
784	5	6	0	0.1904
785	4	10	1	0.3513
786	5	18	0	0.1112
787	5	16	1	0.4666
788	5	23	1	0.4037
789	5	7	0	0.3411
790	5	22	1	0.0723
791	5	15	0	0.0000
792	5	19	0	0.2107
793	5	21	0	0.1958
794	5	13	0	0.0000
795	50	1	0	NaN
796	4	3	1	0.0673
797	5	7	2	0.4656
798	5	14	0	0.2261
799	5	13	1	0.0287
800	5	4	0	0.5263
801	5	17	0	0.3039
802	5	14	1	0.3808
803	5	9	0	0.2469
804	5	15	0	0.0159
805	5	6	1	0.4542
806	9	5	0	0.5274
807	5	15	0	0.0000
808	5	14	0	0.3561
809	6	11	1	0.4065
810	5	14	0	0.0000
811	5	10	0	0.3538
812	5	10	0	0.0638
813	5	15	0	0.3540
814	5	28	1	0.2023
815	5	8	0	0.2931
816	5	13	1	0.2999
817	5	15	0	0.2923
818	5	6	0	0.3347
819	5	10	1	0.3028
820	6	15	0	0.2269
821	5	6	0	0.4068
822	5	19	0	0.0000
823	5	29	0	0.1841
824	5	20	0	0.0000
825	5	13	0	0.0000
826	5	2	1	0.3119
827	5	27	0	0.0119
828	5	15	2	0.4632
829	5	10	0	0.0351
830	5	10	1	0.6051
831	5	10	2	0.4478
832	5	14	1	0.2795
833	5	5	0	0.1107
834	5	17	0	0.1332
835	5	11	2	0.5358
836	5	9	0	0.1489
837	5	6	2	0.4953
838	5	11	1	0.4427
839	5	20	0	0.1735
840	5	13	1	0.3799
841	5	15	0	0.0000
842	5	12	1	0.3866
843	2	1	1	0.4871
844	5	15	0	0.0000
845	5	7	1	0.4740
846	5	11	2	0.5120
847	6	11	1	0.4351
848	5	12	1	0.1036
849	6	11	2	0.5993
850	5	17	0	0.0000
851	5	13	1	0.4020
852	5	14	2	0.3656
853	15	1	2	0.6347
854	4	11	1	0.3164
855	6	28	0	0.1697
856	5	17	0	0.0000
857	5	21	0	0.1299
858	12	8	0	0.5139
859	5	16	0	0.0136
860	5	9	0	0.0278
861	5	12	0	0.0000
862	5	8	0	0.4038
863	5	8	1	0.3093
864	5	8	1	0.3687
865	5	8	0	0.5252
866	6	12	1	0.4522
867	50	2	1	0.2794
868	5	14	1	0.4452
869	5	10	1	0.4504
870	5	10	3	0.4654
871	5	12	0	0.2051
872	5	18	0	0.2525
873	5	10	1	0.5480
874	2	2	2	0.5027
875	5	20	0	0.0652
876	6	24	1	0.3776
877	5	23	0	0.0000
878	4	2	1	0.0573
879	4	7	1	0.5321
880	5	17	1	0.3152
881	5	12	1	0.4054
882	5	14	0	0.0000
883	4	3	1	0.0673
884	6	9	1	0.3484
885	5	10	0	0.1619
886	5	10	1	0.3524
887	5	25	1	0.0509
888	5	7	2	0.3885
889	5	8	0	0.0357
890	50	4	0	0.4920
891	5	8	1	0.3143
892	4	7	0	0.0172
893	5	6	0	0.4081
894	5	20	0	0.2263
895	6	12	0	0.2775
896	4	4	0	0.0627
897	5	35	0	0.1591
898	5	6	1	0.3494
899	5	11	0	0.0554
900	5	26	0	0.0389
901	5	9	2	0.4649
902	5	20	0	0.0325
903	5	19	0	0.0887
904	5	34	0	0.0000
905	5	7	1	0.4756
906	5	10	1	0.4907
907	5	3	1	0.3599
908	5	15	0	0.2969
909	5	22	0	0.2480
910	5	27	0	0.2355
911	5	15	1	0.0368
912	5	23	1	0.0319
913	50	0	0	NaN
914	5	35	0	0.0000
915	5	32	0	0.0269
916	5	7	0	0.2769
917	5	24	0	0.2581
918	6	23	0	0.2046
919	5	16	0	0.0000
920	6	12	1	0.4722
921	5	25	0	0.0000
922	5	14	2	0.3785
923	5	6	2	0.4610
924	6	19	0	0.0324
925	5	15	0	0.2387
926	20	25	1	0.4976
927	6	5	0	0.3685
928	6	23	0	0.1835
929	5	14	1	0.5035
930	2	2	1	0.1171
931	5	23	1	0.2721
932	5	15	0	0.0000
933	7	2	0	0.3757
934	5	18	0	0.3265
935	5	12	0	0.2892
936	5	4	0	0.2074
937	5	10	3	0.3911
938	5	12	1	0.4145
939	5	7	0	0.3895
940	5	16	0	0.0000
941	5	14	0	0.0000
942	5	22	0	0.0000
943	5	16	0	0.0000
944	6	22	0	0.2039
945	5	12	0	0.3550
946	4	6	1	0.4018
947	6	15	2	0.4876
948	4	6	1	0.6009
949	6	5	0	0.1838
950	6	22	0	0.1314
951	5	7	0	0.4099
952	5	8	1	0.4820
953	5	2	0	0.2597
954	6	18	0	0.3115
955	6	7	1	0.5344
956	5	16	0	0.0000
957	4	4	1	0.4392
958	5	2	0	0.3897
959	6	4	2	0.4257
960	6	5	1	0.5687
961	5	19	0	0.0000
962	5	12	1	0.4594
963	5	14	0	0.1364
964	5	11	1	0.2232
965	6	16	0	0.4220
966	5	18	0	0.0248
967	5	22	0	0.0000
968	5	24	0	0.0000
969	5	6	1	0.3873
970	5	11	0	0.0000
971	6	22	0	0.2044
972	5	15	0	0.0194
973	5	15	1	0.3834
974	5	17	0	0.2294
975	50	2	1	0.2719
976	5	10	0	0.0700
977	5	7	1	0.4899
978	5	11	1	0.4559
979	5	18	1	0.1515
980	5	26	0	0.2065
981	5	7	1	0.4365
982	5	13	0	0.3030
983	5	7	1	0.3488
984	5	13	1	0.3733
985	4	7	1	0.4505
986	5	5	0	0.5004
987	5	18	0	0.0247
988	5	12	0	0.2091
989	5	16	0	0.0000
990	5	17	0	0.0000
991	5	8	0	0.4650
992	5	25	0	0.0000
993	5	10	1	0.4907
994	5	14	0	0.0717
995	6	31	0	0.3661
996	5	10	0	0.1483
997	6	9	1	0.3656
998	5	6	1	0.3934
999	5	22	0	0.3617
1000	5	25	0	0.0262
1001	50	0	0	NaN
1002	5	29	0	0.0276
1003	5	10	0	0.1303
1004	5	3	2	0.3080
1005	5	14	0	0.0122
1006	5	15	0	0.4340
1007	6	8	0	0.4524
1008	5	10	1	0.3794
1009	5	15	0	0.0000
1010	5	19	0	0.2107
1011	6	17	0	0.3382
1012	5	20	0	0.0241
1013	7	8	0	0.2534
1014	6	8	1	0.5219
1015	5	17	0	0.1328
1016	8	5	2	0.2200
1017	5	15	0	0.0146
1018	5	4	0	0.5263
1019	5	26	0	0.1317
1020	5	9	1	0.4771
1021	5	23	0	0.0000
1022	6	12	1	0.4352
1023	5	10	0	0.0185
1024	5	15	0	0.4010
1025	50	0	0	0.5412
1026	6	1	1	0.1540
1027	5	28	0	0.0190
1028	50	8	1	0.3949
1029	5	9	0	0.0000
1030	5	24	0	0.0177
1031	5	22	0	0.2481
1032	5	16	1	0.2390
1033	5	12	1	0.3567
1034	5	28	1	0.3459
1035	5	12	0	0.2804
1036	5	10	0	0.3895
1037	5	7	0	0.4461
1038	5	19	0	0.0379
1039	5	10	3	0.4767
1040	5	10	0	0.2234
1041	5	8	2	0.1456
1042	5	6	0	0.1325
1043	5	17	0	0.2562
1044	5	13	1	0.4432
1045	5	18	0	0.0000
1046	6	6	1	0.3909
1047	5	20	0	0.0225
1048	5	8	0	0.1981
1049	5	8	0	0.5836
1050	5	25	0	0.2084
1051	5	23	0	0.3082
1052	5	4	1	0.2601
1053	5	21	0	0.0000
1054	5	10	1	0.4115
1055	5	16	0	0.2871
1056	5	28	0	0.0859
1057	5	25	0	0.0494
1058	6	18	0	0.3675
1059	50	2	0	0.3964
1060	5	20	0	0.2593
1061	5	13	1	0.3928
1062	5	14	0	0.0482
1063	5	8	0	0.0114
1064	5	14	1	0.2155
1065	5	10	0	0.4262
1066	5	10	0	0.1263
1067	5	10	1	0.1576
1068	5	10	0	0.2717
1069	5	15	1	0.2543
1070	5	13	0	0.2085
1071	5	11	1	0.4256
1072	5	24	0	0.0676
1073	5	30	0	0.0176
1074	6	7	0	0.2242
1075	5	20	0	0.0175
1076	5	13	1	0.5318
1077	5	18	0	0.0000
1078	5	6	2	0.4752
1079	5	10	0	0.4331
1080	5	18	0	0.3646
1081	5	8	0	0.3329
1082	5	10	2	0.5708
1083	5	34	0	0.0000
1084	5	8	0	0.1308
1085	5	7	1	0.3947
1086	5	23	0	0.3649
1087	5	23	0	0.0491
1088	5	22	0	0.0454
1089	5	12	1	0.3592
1090	5	19	0	0.0369
1091	4	6	0	0.2484
1092	5	25	0	0.2130
1093	5	18	0	0.0253
1094	5	13	0	0.2949
1095	6	16	1	0.3908
1096	5	7	0	0.2621
1097	5	29	0	0.2155
1098	5	19	0	0.0148
1099	5	14	1	0.4230
1100	5	13	1	0.2508
1101	6	11	0	0.4652
1102	50	1	1	0.4284
1103	5	12	1	0.4458
1104	5	2	0	0.1485
1105	5	8	1	0.4417
1106	5	27	0	0.2195
1107	50	1	0	0.2541
1108	6	19	0	0.2662
1109	5	6	0	0.2707
1110	5	8	1	0.3691
1111	6	17	1	0.4097
1112	5	9	0	0.1667
1113	5	16	0	0.0180
1114	5	10	1	0.4558
1115	5	19	0	0.0000
1116	5	17	1	0.0168
1117	5	21	0	0.0184
1118	5	18	0	0.0000
1119	5	27	0	0.1940
1120	6	6	0	0.4626
1121	5	5	1	0.1402
1122	5	19	0	0.0161
1123	5	18	0	0.2177
1124	5	13	0	0.2635
1125	5	2	2	0.3983
1126	5	12	0	0.0000
1127	5	6	1	0.5160
1128	15	0	1	0.5737
1129	5	8	0	0.4011
1130	6	19	1	0.2415
1131	6	21	1	0.2937
1132	5	8	0	0.1653
1133	6	12	0	0.4848
1134	5	20	0	0.1988
1135	5	21	0	0.0216
1136	5	12	0	0.0000
1137	5	28	0	0.0205
1138	5	18	0	0.0264
1139	5	13	1	0.3604
1140	5	26	0	0.0000
1141	5	14	0	0.0000
1142	5	8	0	0.3481
1143	5	11	1	0.4337
1144	5	9	0	0.0244
1145	5	12	0	0.2005
1146	5	9	2	0.4521
1147	5	13	1	0.2689
1148	5	14	0	0.3414
1149	5	20	1	0.3873
1150	15	4	0	0.6033
1151	5	22	0	0.3091
1152	4	14	1	0.4235
1153	5	11	2	0.4616
1154	5	13	0	0.1200
1155	5	14	1	0.4772
1156	6	21	0	0.0687
1157	5	15	0	0.0000
1158	5	20	0	0.2208
1159	5	6	0	0.1805
1160	6	12	0	0.2131
1161	6	7	1	0.4754
1162	5	16	1	0.4286
1163	5	14	0	0.0000
1164	5	8	1	0.3758
1165	5	6	2	0.4253
1166	5	13	0	0.0000
1167	5	11	0	0.0807
1168	5	13	0	0.2980
1169	5	2	1	0.1964
1170	5	5	0	0.0175
1171	5	1	0	0.1347
1172	5	16	0	0.1583
1173	5	10	0	0.1392
1174	5	12	1	0.3139
1175	5	39	0	0.0239
1176	5	19	0	0.0000
1177	5	13	0	0.0351
1178	6	17	0	0.1029
1179	5	21	1	0.0297
1180	6	6	1	0.3682
1181	5	20	1	0.2662
1182	5	29	1	0.3001
1183	5	14	0	0.2731
1184	5	8	2	0.4451
1185	5	20	0	0.1532
1186	5	17	0	0.0000
1187	5	17	0	0.0000
1188	5	14	2	0.3692
1189	7	4	1	0.4216
1190	5	9	1	0.5625
1191	5	15	0	0.0000
1192	5	18	0	0.0000
1193	5	19	0	0.3334
1194	5	10	0	0.3431
1195	5	8	1	0.4843
1196	5	5	0	0.4678
1197	5	17	0	0.3121
1198	6	11	0	0.2683
1199	5	0	1	0.1817
1200	6	23	0	0.2005
1201	5	4	0	0.2948
1202	5	25	1	0.2712
1203	5	26	0	0.3205
1204	5	16	0	0.0000
1205	5	7	1	0.4197
1206	5	9	0	0.4432
1207	50	1	0	NaN
1208	50	4	0	0.5865
1209	5	24	0	0.1209
1210	5	9	0	0.3499
1211	5	9	1	0.5057
1212	7	6	1	0.4625
1213	5	10	1	0.3498
1214	50	7	2	0.4361
1215	5	7	1	0.6990
1216	5	4	1	0.5366
1217	5	15	0	0.0915
1218	5	16	1	0.3620
1219	5	42	0	0.1870
1220	5	7	1	0.4873
1221	5	12	2	0.5744
1222	5	0	5	NaN
1223	5	17	0	0.2154
1224	5	35	0	0.0141
1225	5	15	0	0.0000
1226	5	25	0	0.0000
1227	5	17	1	0.0398
1228	4	8	0	0.3966
1229	5	15	0	0.0000
1230	5	18	0	0.2414
1231	5	32	0	0.2313
1232	5	35	0	0.1933
1233	5	9	0	0.2115
1234	5	3	0	0.1295
1235	5	6	1	0.3155
1236	6	28	0	0.1574
1237	6	17	0	0.2066
1238	5	20	0	0.0272
1239	6	17	1	0.3355
1240	5	12	1	0.2675
1241	6	33	0	0.1651
1242	5	21	0	0.1478
1243	6	21	0	0.3355
1244	5	20	1	0.0289
1245	10	4	0	0.6618
1246	50	2	0	0.2097
1247	5	16	0	0.0000
1248	6	16	1	0.4098
1249	5	12	0	0.0000
1250	5	12	0	0.0420
1251	5	8	0	0.2819
1252	5	28	0	0.2227
1253	5	27	0	0.1694
1254	6	4	0	0.3540
1255	5	15	0	0.3510
1256	5	15	1	0.3068
1257	5	24	0	0.0264
1258	5	14	1	0.5341
1259	4	4	2	0.3953
1260	6	5	0	0.1107
1261	5	13	0	0.3362
1262	5	10	1	0.5802
1263	5	1	0	0.0746
1264	5	23	0	0.2895
1265	5	14	1	0.3963
1266	6	21	0	0.3568
1267	5	24	0	0.1757
1268	5	30	0	0.0000
1269	5	19	0	0.0844
1270	5	4	1	0.2799
1271	4	4	0	0.3783
1272	5	17	0	0.2189
1273	5	31	0	0.0256
1274	5	7	0	0.3601
1275	6	11	0	0.3887
1276	5	14	0	0.0230
1277	6	2	1	0.2058
1278	5	19	0	0.0000
1279	6	6	0	0.2451
1280	5	8	1	0.4985
1281	5	13	0	0.2183
1282	6	26	0	0.2464
1283	5	17	0	0.0000
1284	5	14	0	0.0837
1285	5	13	0	0.0000
1286	10	4	1	0.3450
1287	5	17	1	0.1719
1288	6	9	0	0.1227
1289	5	10	2	0.4400
1290	5	20	0	0.0479
1291	5	9	1	0.4962
1292	6	29	0	0.1681
1293	5	13	0	0.2245
1294	5	7	0	0.4755
1295	5	8	0	0.2456
1296	50	2	0	0.4416
1297	5	12	0	0.2402
1298	5	9	1	0.4229
1299	5	14	1	0.3887
1300	5	26	0	0.1060
1301	5	23	0	0.2556
1302	5	11	0	0.4979
1303	5	32	0	0.0000
1304	5	17	1	0.4097
1305	5	18	0	0.0484
1306	5	15	0	0.0335
1307	5	12	0	0.3198
1308	5	5	1	0.4373
1309	5	18	0	0.0000
1310	5	19	0	0.0000
1311	5	14	0	0.1652
1312	5	20	0	0.2749
1313	6	15	1	0.4648
1314	5	17	1	0.2435
1315	4	2	1	0.1024
1316	5	30	0	0.2442
1317	5	1	0	0.1452
1318	5	11	1	0.3573
1319	4	5	0	0.0153
1320	5	18	0	0.0205
1321	5	20	0	0.1882
1322	5	9	1	0.4775
1323	5	10	1	0.3622
1324	5	7	0	0.2800
1325	5	13	0	0.0570
1326	5	14	0	0.1257
1327	5	10	1	0.3948
1328	5	21	0	0.0284
1329	5	5	1	0.3705
1330	5	32	0	0.0209
1331	5	9	2	0.5230
1332	5	10	1	0.4306
1333	5	12	0	0.2799
1334	50	4	0	0.3400
1335	5	28	0	0.0420
1336	5	21	0	0.0892
1337	5	25	0	0.0000
1338	6	9	0	0.3665
1339	5	11	0	0.0177
1340	5	18	2	0.3331
1341	6	10	0	0.2719
1342	5	8	2	0.4152
1343	7	4	0	0.3685
1344	6	4	0	0.3551
1345	6	7	2	0.2862
1346	5	14	0	0.0242
1347	6	15	0	0.4065
1348	5	19	0	0.0469
1349	5	12	0	0.0000
1350	5	22	0	0.1535
1351	5	8	1	0.3320
1352	5	13	0	0.0295
1353	5	5	1	0.3082
1354	5	23	0	0.1712
1355	5	19	1	0.3486
1356	5	16	0	0.0305
1357	6	15	1	0.5241
1358	5	18	0	0.0000
1359	5	14	0	0.0000
1360	50	3	0	0.3423
1361	6	2	1	0.1108
1362	5	13	1	0.3327
1363	5	3	0	0.0385
1364	6	11	1	0.4951
1365	5	16	0	0.0000
1366	5	5	0	0.2237
1367	5	21	0	0.0000
1368	6	9	0	0.5626
1369	6	13	0	0.0106
1370	5	12	1	0.2304
1371	5	14	2	0.4780
1372	5	10	0	0.2170
1373	5	13	0	0.0255
1374	5	22	0	0.2531
1375	5	11	0	0.2147
1376	5	20	0	0.2208
1377	5	26	0	0.2987
1378	5	9	1	0.2232
1379	5	20	0	0.2262
1380	5	22	0	0.2481
1381	5	16	1	0.2390
1382	5	17	0	0.0186
1383	50	0	0	NaN
1384	5	13	0	0.0000
1385	5	12	1	0.3712
1386	5	9	1	0.4829
1387	5	10	1	0.4308
1388	5	0	1	NaN
1389	7	5	0	0.4369
1390	5	14	1	0.4713
1391	5	19	0	0.3592
1392	5	13	1	0.4313
1393	5	10	1	0.4539
1394	5	26	0	0.0000
1395	5	7	0	0.0000
1396	6	18	1	0.4719
1397	5	18	1	0.0286
1398	5	15	0	0.0468
1399	5	19	0	0.0000
1400	5	2	2	0.3033
1401	5	10	0	0.4025
1402	6	14	0	0.3590
1403	6	9	1	0.0966
1404	5	13	0	0.3555
1405	5	9	1	0.4188
1406	5	10	0	0.5263
1407	5	12	0	0.0000
1408	5	20	0	0.0000
1409	5	10	1	0.5405
1410	4	7	1	0.3888
1411	5	19	0	0.2232
1412	5	4	0	0.3635
1413	5	20	0	0.1231
1414	5	16	1	0.3755
1415	50	5	1	0.3559
1416	5	4	1	0.2172
1417	6	19	1	0.3993
1418	5	14	0	0.0000
1419	5	9	1	0.4793
1420	5	6	0	0.3160
1421	50	2	1	0.4621
1422	50	7	0	0.6337
1423	6	9	0	0.3346
1424	5	14	1	0.5073
1425	5	15	0	0.1947
1426	5	17	2	0.3322
1427	5	30	0	0.0274
1428	5	8	1	0.6214
1429	5	12	2	0.4473
1430	5	11	1	0.2986
1431	5	9	1	0.3874
1432	5	6	1	0.4044
1433	4	5	1	0.3220
1434	5	10	0	0.3750
1435	5	10	1	0.4482
1436	5	7	0	0.0810
1437	5	13	0	0.4121
1438	5	13	1	0.4321
1439	5	16	2	0.4478
1440	5	24	0	0.3362
1441	5	10	0	0.0258
1442	5	4	0	0.1687
1443	5	14	2	0.3761
1444	5	8	0	0.0251
1445	5	16	0	0.3532
1446	5	14	1	0.0560
1447	4	5	1	0.4806
1448	5	4	1	0.4482
1449	6	9	0	0.5380
1450	5	13	1	0.2160
1451	5	14	0	0.0000
1452	7	16	1	0.4848
1453	6	25	0	0.0628
1454	5	11	1	0.5497
1455	5	13	2	0.3728
1456	5	15	0	0.3577
1457	5	7	0	0.2444
1458	5	12	0	0.0000
1459	5	17	0	0.0299
1460	5	9	0	0.2431
1461	5	20	0	0.0140
1462	5	18	0	0.0195
1463	5	12	0	0.0274
1464	5	25	0	0.0211
1465	5	13	0	0.0294
1466	6	3	1	0.3783
1467	5	18	0	0.2421
1468	50	0	0	NaN
1469	6	27	0	0.1799
1470	5	9	0	0.0000
1471	5	13	0	0.2747
1472	5	8	0	0.2243
1473	6	3	0	0.2270
1474	5	6	0	0.4640
1475	5	22	0	0.0489
1476	5	10	1	0.3870
1477	5	11	0	0.0322
1478	5	17	0	0.1105
1479	5	12	1	0.3643
1480	5	9	0	0.0372
1481	5	21	1	0.2242
1482	5	8	1	0.5940
1483	50	0	0	NaN
1484	5	22	0	0.0610
1485	5	15	1	0.3266
1486	5	10	1	0.4596
1487	5	6	1	0.4376
1488	5	28	0	0.1354
1489	5	34	0	0.0817
1490	50	0	0	0.1711
1491	5	18	2	0.4258
1492	5	11	0	0.1572
1493	6	34	0	0.1661
1494	50	1	1	0.1011
1495	50	10	2	0.4751
1496	5	10	0	0.1662
1497	5	26	1	0.0342
1498	5	9	0	0.0960
1499	4	4	1	0.3355
1500	5	13	1	0.3294
1501	5	5	1	0.2698
1502	5	23	0	0.3416
1503	5	7	0	0.4293
1504	5	6	1	0.2773
1505	6	29	0	0.2405
1506	9	12	1	0.4878
1507	5	12	1	0.2928
1508	6	7	1	0.4738
1509	6	13	0	0.2693
1510	50	0	0	NaN
1511	5	13	0	0.0000
1512	5	1	0	0.4006
1513	5	23	0	0.0000
1514	5	41	0	0.0607
1515	5	14	0	0.2347
1516	5	16	0	0.2931
1517	5	17	0	0.0000
1518	5	14	0	0.0000
1519	5	13	0	0.0000
1520	6	3	0	0.3996
1521	5	15	1	0.3239
1522	5	4	1	0.4876
1523	5	22	0	0.0496
1524	5	14	0	0.2384
1525	5	12	2	0.2931
1526	5	14	0	0.0680
1527	6	17	1	0.3794
1528	5	9	0	0.0238
1529	5	12	0	0.0000
1530	6	28	0	0.3083
1531	5	28	0	0.0000
1532	7	7	1	0.6687
1533	5	5	1	0.1084
1534	5	6	1	0.4354
1535	5	8	1	0.3321
1536	5	12	0	0.2618
1537	5	8	0	0.3823
1538	6	18	0	0.3675
1539	5	17	1	0.0259
1540	5	6	1	0.2052
1541	5	22	0	0.2354
1542	2	1	0	0.6569
1543	5	15	0	0.2877
1544	5	14	1	0.2155
1545	5	18	0	0.0000
1546	4	5	1	0.4025
1547	5	19	0	0.3451
1548	6	10	1	0.3438
1549	4	1	0	0.1342
1550	5	15	0	0.3023
1551	5	12	0	0.3642
1552	5	8	1	0.3560
1553	6	16	1	0.4410
1554	5	8	1	0.5073
1555	6	10	1	0.5882
1556	5	8	0	0.2791
1557	8	7	0	0.3134
1558	5	13	0	0.0170
1559	5	13	1	0.2100
1560	5	21	0	0.0446
1561	6	22	0	0.2058
1562	50	0	0	NaN
1563	5	12	1	0.4137
1564	5	6	1	0.3465
1565	5	14	0	0.0000
1566	50	1	0	NaN
1567	7	0	1	0.0478
1568	5	16	0	0.1399
1569	25	10	0	0.6329
1570	5	20	1	0.3527
1571	50	1	1	0.3986
1572	5	10	0	0.0766
1573	5	24	1	0.3898
1574	5	13	1	0.4758
1575	5	11	0	0.3140
1576	5	18	0	0.0937
1577	5	32	0	0.0000
1578	5	8	2	0.4684
1579	5	1	0	0.1452
1580	5	16	0	0.0000
1581	5	9	0	0.5288
1582	5	22	1	0.3328
1583	5	22	0	0.1274
1584	6	9	1	0.4152
1585	5	8	0	0.3824
1586	6	7	0	0.2953
1587	5	21	0	0.2360
1588	5	21	0	0.0085
1589	50	2	1	0.4914
1590	5	21	0	0.0284
1591	9	10	0	0.1399
1592	6	29	0	0.1674
1593	6	11	0	0.2259
1594	5	16	0	0.0152
1595	5	16	0	0.2318
1596	6	8	1	0.6097
1597	50	0	0	NaN
1598	6	29	0	0.2147
1599	6	3	0	0.0676
1600	5	7	0	0.0274
1601	5	20	0	0.2294
1602	6	4	0	0.3423
1603	5	10	0	0.3438
1604	6	20	0	0.1723
1605	4	6	1	0.4043
1606	5	14	1	0.2286
1607	5	30	0	0.0260
1608	6	6	0	0.2369
1609	5	8	1	0.5531
1610	50	1	0	0.5261
1611	5	2	1	0.3119
1612	50	2	3	0.3374
1613	5	12	0	0.0000
1614	5	20	0	0.0231
1615	5	13	0	0.0000
1616	5	23	0	0.3426
1617	5	6	2	0.6117
1618	5	2	0	0.2375
1619	5	15	1	0.4061
1620	5	16	2	0.5285
1621	5	14	1	0.2065
1622	5	13	0	0.1672
1623	5	16	0	0.0562
1624	5	10	0	0.2480
1625	5	15	1	0.2540
1626	6	26	0	0.1835
1627	5	1	2	0.4241
1628	5	14	1	0.2897
1629	5	13	1	0.3822
1630	5	24	1	0.0940
1631	5	6	0	0.0786
1632	5	27	0	0.0363
1633	8	9	1	0.4007
1634	5	23	0	0.2252
1635	5	6	1	0.3495
1636	5	19	0	0.0000
1637	5	9	0	0.0000
1638	4	5	0	0.0139
1639	5	24	0	0.0154
1640	5	9	3	0.1042
1641	6	15	0	0.3542
1642	6	9	1	0.3921
1643	5	20	0	0.0000
1644	5	18	0	0.0000
1645	5	17	0	0.0000
1646	6	26	0	0.1791
1647	7	11	1	0.4530
1648	5	18	1	0.1314
1649	5	21	0	0.0000
1650	5	14	0	0.0000
1651	5	23	0	0.0000
1652	5	15	1	0.3881
1653	5	18	0	0.2805
1654	8	11	0	0.4750
1655	5	15	1	0.5681
1656	5	12	0	0.5070
1657	5	25	0	0.0000
1658	5	15	0	0.1550
1659	5	12	0	0.0000
1660	5	7	0	0.0330
1661	5	8	1	0.4431
1662	5	5	1	0.3664
1663	5	11	1	0.3986
1664	5	9	0	0.2206
1665	50	1	1	0.4512
1666	5	13	1	0.3867
1667	5	19	1	0.4117
1668	5	23	0	0.2441
1669	5	5	0	0.4367
1670	5	14	0	0.2285
1671	5	18	1	0.3814
1672	5	20	0	0.0000
1673	5	18	0	0.0586
1674	5	10	1	0.3873
1675	5	13	0	0.2347
1676	9	4	0	0.2279
1677	5	32	0	0.0213
1678	5	17	0	0.0000
1679	5	22	0	0.1077
1680	5	10	1	0.4520
1681	8	7	0	0.2065
1682	5	11	3	0.3626
1683	5	4	0	0.2018
1684	5	36	0	0.0216
1685	5	13	0	0.0000
1686	5	9	0	0.2885
1687	5	23	0	0.0205
1688	6	1	3	NaN
1689	5	20	0	0.2487
1690	5	22	0	0.0000
1691	6	7	0	0.4452
1692	5	28	0	0.2711
1693	5	17	0	0.2033
1694	6	8	1	0.3478
1695	5	5	0	0.4285
1696	5	13	1	0.1868
1697	5	17	0	0.1727
1698	5	14	0	0.0000
1699	9	11	0	0.3217
1700	5	18	0	0.0000
1701	6	15	0	0.0279
1702	5	10	1	0.4293
1703	5	28	0	0.0201
1704	5	5	2	0.4023
1705	5	13	1	0.4081
1706	5	8	1	0.3868
1707	5	13	2	0.4501
1708	5	9	0	0.5053
1709	5	11	1	0.3554
1710	5	24	0	0.2815
1711	6	9	0	0.5380
1712	4	6	2	0.4919
1713	4	4	0	0.4119
1714	9	4	0	0.4842
1715	5	18	0	0.0266
1716	5	16	0	0.3379
1717	5	21	0	0.0933
1718	50	4	0	0.5906
1719	4	6	0	0.0000
1720	5	25	0	0.0000
1721	5	40	0	0.2122
1722	5	5	1	0.3797
1723	5	11	0	0.3825
1724	6	20	0	0.2690
1725	5	11	0	0.0145
1726	5	16	0	0.0000
1727	5	16	0	0.3126
1728	5	16	0	0.0432
1729	5	28	0	0.0116
1730	6	8	1	0.2127
1731	5	8	2	0.5334
1732	5	13	1	0.4006
1733	5	3	0	0.0950
1734	5	14	0	0.0000
1735	6	13	0	0.1994
1736	7	5	2	0.1457
1737	5	33	0	0.2178
1738	5	18	0	0.0000
1739	5	23	0	0.2073
1740	5	18	0	0.0233
1741	5	11	1	0.3795
1742	6	0	2	NaN
1743	5	26	0	0.0000
1744	5	16	1	0.2599
1745	5	12	0	0.1862
1746	6	7	0	0.5202
1747	5	5	0	0.1774
1748	5	18	1	0.2853
1749	5	19	1	0.3831
1750	5	9	0	0.0525
1751	5	5	1	0.4716
1752	5	14	1	0.2065
1753	5	23	0	0.0000
1754	5	18	0	0.2414
1755	5	32	0	0.2313
1756	6	17	1	0.4664
1757	5	23	0	0.0893
1758	5	18	1	0.3194
1759	50	1	1	NaN
1760	5	15	0	0.2602
1761	5	18	0	0.0918
1762	6	1	2	0.1514
1763	5	12	1	0.5306
1764	5	15	0	0.2717
1765	50	4	1	0.5466
1766	15	7	0	0.4764
1767	5	24	0	0.0115
1768	5	14	0	0.0709
1769	5	29	0	0.1988
1770	5	18	0	0.2567
1771	5	11	2	0.3465
1772	5	10	1	0.4081
1773	5	31	0	0.0661
1774	5	20	0	0.2853
1775	5	13	0	0.0000
1776	6	2	3	0.5806
1777	5	19	0	0.0160
1778	6	4	0	0.3540
1779	5	10	1	0.3145
1780	6	23	0	0.1937
1781	6	22	1	0.2679
1782	5	14	1	0.3787
1783	5	17	0	0.0000
1784	5	8	0	0.0389
1785	6	15	1	0.4670
1786	5	22	0	0.1777
1787	5	10	0	0.2244
1788	5	6	1	0.5365
1789	5	12	0	0.0000
1790	5	13	0	0.3417
1791	5	11	1	0.5030
1792	4	2	2	0.1126
1793	5	9	0	0.2438
1794	5	13	0	0.2595
1795	6	6	0	0.4105
1796	5	27	0	0.0000
1797	6	20	0	0.3175
1798	6	13	0	0.3264
1799	5	13	2	0.3681
1800	5	8	0	0.2785
1801	5	9	2	0.5176
1802	5	11	1	0.4955
1803	5	14	1	0.3494
1804	5	6	1	0.3166
1805	5	9	1	0.4235
1806	5	28	0	0.1872
1807	6	23	0	0.1515
1808	5	12	0	0.3255
1809	5	5	0	0.0845
1810	50	0	0	0.6119
1811	5	11	1	0.4681
1812	5	15	0	0.0000
1813	5	11	1	0.3929
1814	5	0	2	0.1325
1815	5	16	0	0.2624
1816	50	0	0	NaN
1817	5	8	1	0.2384
1818	5	15	1	0.1041
1819	5	10	0	0.2524
1820	5	13	0	0.0000
1821	5	36	0	0.0000
1822	5	11	0	0.2247
1823	6	8	0	0.2392
1824	5	12	0	0.1899
1825	5	6	1	0.3345
1826	5	15	0	0.0313
1827	5	8	0	0.2429
1828	5	12	2	0.4863
1829	6	16	0	0.2069
1830	5	16	0	0.2359
1831	6	15	1	0.4543
1832	5	13	0	0.0000
1833	5	25	0	0.0000
1834	5	13	0	0.2730
1835	5	4	2	0.3444
1836	5	14	2	0.3761
1837	6	11	0	0.2391
1838	5	19	0	0.0245
1839	6	7	1	0.4780
1840	5	14	1	0.4689
1841	5	16	0	0.2924
1842	5	9	0	0.0875
1843	5	12	0	0.0000
1844	5	15	0	0.0338
1845	6	17	0	0.2001
1846	4	7	1	0.4147
1847	5	17	1	0.3329
1848	5	23	0	0.3597
1849	5	24	1	0.2906
1850	5	9	1	0.3666
1851	5	15	0	0.2717
1852	5	4	0	0.1259
1853	15	7	0	0.4764
1854	5	13	0	0.2777
1855	5	13	0	0.2018
1856	5	29	0	0.1988
1857	5	12	1	0.1106
1858	5	14	1	0.1933
1859	5	7	0	0.2722
1860	4	7	2	0.3340
1861	50	0	0	NaN
1862	6	11	0	0.1714
1863	6	22	0	0.1887
1864	5	27	0	0.1694
1865	5	14	1	0.3426
1866	5	15	0	0.3510
1867	5	16	1	0.3227
1868	5	24	0	0.0264
1869	5	15	0	0.0000
1870	5	16	0	0.1695
1871	5	8	0	0.4385
1872	5	12	1	0.2267
1873	5	23	1	0.2377
1874	5	19	0	0.0951
1875	5	23	0	0.2895
1876	5	12	1	0.4906
1877	5	20	0	0.2928
1878	5	13	0	0.0219
1879	5	7	0	0.2436
1880	5	22	0	0.0474
1881	5	20	0	0.0816
1882	5	35	0	0.0000
1883	5	13	0	0.2385
1884	5	11	1	0.4682
1885	5	23	0	0.0000
1886	5	14	0	0.0000
1887	5	18	0	0.0000
1888	5	33	0	0.0164
1889	5	15	0	0.0000
1890	5	10	1	0.5110
1891	5	16	1	0.3612
1892	5	14	0	0.0000
1893	5	15	0	0.0000
1894	5	12	0	0.0187
1895	6	11	0	0.2850
1896	5	14	0	0.2062
1897	5	13	1	0.5317
1898	6	1	0	0.0412
1899	5	9	0	0.1696
1900	15	1	2	0.6347
1901	5	33	0	0.1847
1902	5	23	0	0.2181
1903	6	9	1	0.5180
1904	6	26	0	0.2231
1905	5	15	0	0.1188
1906	5	10	0	0.1405
1907	5	12	1	0.4874
1908	5	23	0	0.0310
1909	5	8	1	0.5509
1910	5	18	0	0.3738
1911	5	12	0	0.3640
1912	5	13	1	0.3701
1913	5	10	1	0.4721
1914	8	1	3	0.2324
1915	5	13	1	0.4130
1916	5	7	2	0.3940
1917	5	19	1	0.2322
1918	5	6	0	0.4695
1919	6	3	1	0.2474
1920	5	8	0	0.2693
1921	9	4	2	0.2288
1922	5	13	0	0.2256
1923	6	2	0	0.1086
1924	5	11	1	0.2396
1925	6	10	1	0.4684
1926	6	19	1	0.4117
1927	5	14	0	0.1688
1928	5	8	1	0.2939
1929	5	17	0	0.0000
1930	5	15	0	0.0000
1931	5	8	1	0.4389
1932	5	12	1	0.4901
1933	5	18	0	0.1259
1934	6	38	0	0.2015
1935	5	11	0	0.0000
1936	5	1	3	0.6006
1937	4	5	1	0.4068
1938	5	29	0	0.1875
1939	5	9	1	0.2910
1940	5	18	1	0.3307
1941	5	10	0	0.4747
1942	5	13	3	0.4347
1943	6	13	1	0.4980
1944	5	26	0	0.3515
1945	5	14	0	0.1257
1946	5	20	0	0.2347
1947	5	5	0	0.0674
1948	5	28	1	0.2502
1949	5	25	0	0.1241
1950	5	4	0	0.4141
1951	5	13	0	0.0000
1952	5	14	0	0.0000
1953	5	16	0	0.2122
1954	5	21	0	0.0000
1955	5	12	0	0.0000
1956	5	18	0	0.0000
1957	5	14	1	0.4713
1958	5	14	0	0.0510
1959	5	16	0	0.2944
1960	5	18	0	0.0000
1961	5	10	0	0.0000
1962	5	14	0	0.0000
1963	5	5	1	0.1865
1964	5	25	0	0.0230
1965	6	9	1	0.3415
1966	5	8	1	0.5527
1967	6	7	2	0.3473
1968	5	11	0	0.0498
1969	5	19	0	0.2389
1970	5	11	0	0.2885
1971	5	8	0	0.3481
1972	50	9	0	0.6519
1973	5	14	0	0.0000
1974	5	12	0	0.2005
1975	5	20	0	0.0000
1976	5	25	0	0.2533
1977	5	16	0	0.0000
1978	5	29	1	0.2514
1979	5	26	0	0.0598
1980	5	14	0	0.0115
1981	5	15	1	0.3440
1982	5	15	0	0.0000
1983	5	23	0	0.2626
1984	5	14	1	0.4772
1985	6	12	1	0.5508
1986	5	18	0	0.0679
1987	5	13	0	0.2239
1988	5	18	0	0.0518
1989	5	14	0	0.1245
1990	5	17	0	0.1727
1991	5	18	0	0.0000
1992	5	13	0	0.0000
1993	5	11	0	0.0000
1994	7	8	1	0.5500
1995	8	5	3	0.2666
1996	5	10	0	0.1618
1997	5	11	0	0.2437
1998	5	7	0	0.4104
1999	5	10	1	0.4128
2000	5	10	1	0.5466
2001	5	31	0	0.0443
2002	5	19	0	0.1925
2003	5	27	0	0.1795
2004	5	7	0	0.0231
2005	5	7	1	0.4721
2006	5	18	0	0.0270
2007	5	6	1	0.4424
2008	5	20	0	0.2266
2009	5	11	1	0.3594
2010	50	0	0	0.7071
2011	5	13	0	0.0000
2012	6	13	0	0.2892
2013	10	6	1	0.3984
2014	5	16	1	0.3436
2015	5	5	0	0.0789
2016	5	7	0	0.2162
2017	6	31	0	0.2372
2018	5	11	0	0.3327
2019	5	5	0	0.4373
2020	6	6	0	0.3226
2021	5	9	0	0.2684
2022	5	10	0	0.3302
2023	5	16	0	0.0248
2024	5	7	0	0.4012
2025	5	18	0	0.0000
2026	5	12	0	0.0674
2027	5	16	1	0.3365
2028	5	14	1	0.4056
2029	5	14	1	0.3275
2030	5	19	1	0.3301
2031	5	12	0	0.0000
2032	6	12	1	0.3948
2033	5	12	1	0.3267
2034	5	14	0	0.2138
2035	5	6	1	0.4437
2036	50	0	0	NaN
2037	5	15	0	0.3687
2038	6	6	0	0.1840
2039	2	2	3	0.1178
2040	5	11	0	0.0535
2041	5	17	2	0.5055
2042	5	10	0	0.0380
2043	5	21	0	0.0000
2044	5	22	0	0.1954
2045	6	16	0	0.3042
2046	5	18	0	0.0146
2047	6	12	0	0.2699
2048	5	19	0	0.3579
2049	50	0	0	NaN
2050	5	12	1	0.3285
2051	4	4	0	0.1572
2052	5	30	0	0.1947
2053	5	13	1	0.3944
2054	5	4	0	0.0216
2055	5	14	0	0.0826
2056	5	3	0	0.2110
2057	5	15	0	0.0000
2058	6	18	1	0.4339
2059	5	5	1	0.6479
2060	5	7	2	0.4075
2061	5	5	1	0.4422
2062	5	26	0	0.0292
2063	5	15	0	0.0000
2064	6	6	1	0.3277
2065	5	8	0	0.3824
2066	5	7	0	0.0000
2067	5	13	2	0.4715
2068	6	10	1	0.5443
2069	5	9	1	0.4138
2070	5	16	0	0.1646
2071	5	10	2	0.4574
2072	5	13	1	0.1293
2073	5	22	1	0.4339
2074	5	4	1	0.3262
2075	6	9	1	0.4041
2076	5	13	1	0.2365
2077	5	18	0	0.0332
2078	5	8	2	0.4906
2079	5	23	0	0.1799
2080	5	14	0	0.3341
2081	5	17	0	0.0000
2082	5	8	1	0.5082
2083	5	17	0	0.2419
2084	5	10	0	0.2487
2085	4	7	1	0.2274
2086	5	28	0	0.1020
2087	6	21	1	0.3932
2088	6	13	1	0.4509
2089	5	13	0	0.1193
2090	5	7	1	0.3767
2091	5	19	1	0.3164
2092	6	24	0	0.2495
2093	5	15	0	0.0210
2094	5	16	0	0.2850
2095	5	23	0	0.0171
2096	5	15	0	0.0468
2097	5	19	0	0.0000
2098	5	7	2	0.2401
2099	5	14	0	0.0000
2100	5	7	0	0.2659
2101	5	15	0	0.0772
2102	5	17	1	0.0785
2103	5	18	0	0.1718
2104	5	9	1	0.5398
2105	50	2	1	0.5080
2106	5	25	0	0.0435
2107	5	14	2	0.5465
2108	6	16	0	0.2029
2109	5	9	0	0.2800
2110	5	14	2	0.4255
2111	7	10	2	0.3210
2112	5	32	0	0.2382
2113	5	17	0	0.0000
2114	5	19	0	0.3451
2115	6	10	1	0.3438
2116	5	8	1	0.5596
2117	5	18	0	0.0000
2118	5	12	0	0.1228
2119	5	4	0	0.2665
2120	5	13	0	0.0000
2121	6	4	2	0.3818
2122	5	19	0	0.2477
2123	5	12	1	0.3440
2124	5	15	0	0.0000
2125	4	4	1	0.2365
2126	5	14	0	0.3555
2127	5	13	0	0.0000
2128	6	16	1	0.4619
2129	5	22	0	0.0000
2130	5	7	2	0.4732
2131	5	11	1	0.4786
2132	5	8	2	0.1456
2133	5	6	0	0.1325
2134	5	22	0	0.0496
2135	5	11	0	0.2575
2136	5	9	0	0.2354
2137	5	7	0	0.4979
2138	5	3	1	0.4300
2139	5	16	0	0.0000
2140	50	12	0	0.5329
2141	5	14	1	0.3583
2142	5	11	0	0.2755
2143	6	15	1	0.3938
2144	5	13	0	0.0000
2145	4	6	0	0.0000
2146	5	16	0	0.2195
2147	5	8	0	0.1855
2148	5	10	1	0.2828
2149	5	13	0	0.3531
2150	9	5	1	0.2345
2151	5	4	6	0.3513
2152	5	13	0	0.0434
2153	5	1	2	0.3103
2154	5	17	0	0.0000
2155	5	15	0	0.0000
2156	5	18	0	0.0126
2157	5	13	0	0.0000
2158	4	8	1	0.3346
2159	5	6	0	0.4257
2160	5	10	0	0.3405
2161	7	6	2	0.3224
2162	5	10	0	0.3746
2163	5	35	0	0.0249
2164	6	28	0	0.1697
2165	5	10	0	0.2552
2166	5	4	0	0.3423
2167	5	18	0	0.0000
2168	5	13	0	0.0367
2169	50	2	4	0.4721
2170	6	18	1	0.4220
2171	50	1	2	NaN
2172	5	11	1	0.5209
2173	5	8	1	0.4686
2174	5	14	0	0.2674
2175	4	14	2	0.5009
2176	5	6	1	0.5622
2177	6	12	1	0.4366
2178	5	7	0	0.2680
2179	5	10	3	0.4654
2180	4	10	2	0.3415
2181	6	8	1	0.3678
2182	7	4	0	0.3799
2183	5	26	0	0.0000
2184	5	5	2	0.4023
2185	6	27	0	0.1420
2186	5	22	0	0.1080
2187	6	5	1	0.6330
2188	5	20	0	0.0260
2189	6	14	1	0.3259
2190	5	14	1	0.4086
2191	5	13	1	0.4803
2192	5	21	0	0.1705
2193	5	30	0	0.0315
2194	13	5	1	0.4216
2195	5	42	0	0.0000
2196	50	1	0	0.1194
2197	5	0	1	0.4378
2198	5	6	1	0.3378
2199	2	1	0	0.0452
2200	50	1	1	0.4130
2201	5	18	0	0.2788
2202	5	11	1	0.4867
2203	5	10	1	0.4355
2204	5	11	1	0.4263
2205	5	11	0	0.3275
2206	5	30	0	0.0657
2207	5	7	3	0.3474
2208	5	14	1	0.3873
2209	5	10	2	0.1297
2210	5	2	0	0.2005
2211	5	14	0	0.0000
2212	5	24	0	0.1858
2213	5	11	0	0.2228
2214	6	16	0	0.3221
2215	5	10	1	0.3145
2216	50	10	0	0.5387
2217	5	7	1	0.4789
2218	5	12	1	0.5087
2219	5	17	0	0.0000
2220	6	16	0	0.2603
2221	5	16	1	0.1894
2222	5	11	1	0.4605
2223	5	10	0	0.0000
2224	5	14	0	0.0000
2225	5	6	1	0.4784
2226	6	16	1	0.2896
2227	5	8	1	0.4963
2228	5	18	0	0.2532
2229	5	10	0	0.0136
2230	5	4	2	0.3048
2231	5	20	0	0.0000
2232	5	27	0	0.0000
2233	5	10	0	0.2873
2234	5	24	2	0.4703
2235	5	9	1	0.3706
2236	5	14	0	0.2020
2237	5	22	0	0.1701
2238	5	9	1	0.4599
2239	5	7	0	0.3945
2240	5	1	0	0.0661
2241	5	31	0	0.2060
2242	5	16	0	0.1371
2243	5	18	0	0.0126
2244	5	25	0	0.2597
2245	5	19	1	0.4183
2246	5	6	0	0.4257
2247	5	16	0	0.0000
2248	5	16	0	0.3874
2249	5	6	1	0.4988
2250	5	19	0	0.0577
2251	5	28	0	0.2075
2252	8	4	1	0.2993
2253	5	1	0	0.0515
2254	5	20	0	0.2225
2255	4	3	1	0.3113
2256	5	10	1	0.4323
2257	5	12	0	0.1869
2258	5	10	1	0.0225
2259	5	16	0	0.0000
2260	5	18	1	0.4192
2261	6	37	0	0.2638
2262	5	25	0	0.0000
2263	5	31	0	0.0443
2264	5	19	0	0.1925
2265	5	11	0	0.2537
2266	5	30	0	0.0162
2267	5	11	0	0.1904
2268	5	12	1	0.3374
2269	5	3	0	0.3062
2270	5	21	0	0.0245
2271	5	11	1	0.4335
2272	5	10	2	0.4102
2273	5	3	3	0.4734
2274	5	26	0	0.0000
2275	5	35	0	0.0000
2276	5	20	0	0.1532
2277	6	4	1	0.4260
2278	6	8	1	0.3884
2279	6	12	1	0.4105
2280	5	14	0	0.0000
2281	5	11	2	0.4486
2282	5	19	0	0.1771
2283	5	17	0	0.0000
2284	4	4	1	0.3355
2285	5	16	0	0.0656
2286	5	27	0	0.0260
2287	5	5	1	0.4312
2288	5	15	0	0.0776
2289	5	9	1	0.3637
2290	5	14	1	0.3858
2291	5	16	0	0.0000
2292	5	15	0	0.0000
2293	5	8	1	0.3003
2294	4	4	0	0.0162
2295	5	11	0	0.0000
2296	5	18	1	0.3728
2297	5	8	1	0.4052
2298	6	27	0	0.1799
2299	5	9	0	0.0000
2300	5	15	1	0.2345
2301	5	8	0	0.2243
2302	5	9	0	0.0283
2303	9	8	1	0.3969
2304	4	5	0	0.1322
2305	5	19	0	0.0000
2306	5	17	0	0.0000
2307	5	14	0	0.0000
2308	6	2	0	0.0841
2309	5	22	1	0.1016
2310	5	9	1	0.3661
2311	5	17	1	0.4201
2312	5	16	0	0.0000
2313	5	7	1	0.4567
2314	25	7	0	0.6335
2315	6	19	0	0.2350
2316	5	19	0	0.0141
2317	5	3	0	0.1325
2318	5	34	0	0.0817
2319	5	16	0	0.1197
2320	5	15	1	0.3469
2321	5	15	1	0.3156
2322	5	13	0	0.0212
2323	4	5	0	0.2367
2324	5	5	1	0.4169
2325	5	7	2	0.5265
2326	50	2	0	0.4969
2327	6	7	1	0.3767
2328	5	11	0	0.2093
2329	5	7	0	0.2299
2330	5	12	0	0.3136
2331	6	17	0	0.1944
2332	5	19	0	0.3451
2333	5	9	0	0.0499
2334	50	2	1	0.2349
2335	5	12	0	0.0000
2336	6	7	0	0.1754
2337	5	23	0	0.0000
2338	6	8	0	0.3496
2339	7	9	1	0.4238
2340	5	24	0	0.3382
2341	5	12	0	0.0000
2342	5	15	1	0.3408
2343	5	41	0	0.0607
2344	5	7	0	0.4031
2345	5	16	0	0.0000
2346	4	7	1	0.4526
2347	5	14	0	0.0000
2348	4	9	2	0.3949
2349	7	16	0	0.3935
2350	5	1	4	0.3519
2351	50	14	0	0.5735
2352	5	8	1	0.4126
2353	6	16	0	0.1650
2354	5	7	0	0.0212
2355	5	14	0	0.0680
2356	5	23	0	0.1599
2357	6	5	0	0.3584
2358	6	14	1	0.4885
2359	5	31	0	0.0000
2360	5	28	0	0.0000
2361	5	9	0	0.0128
2362	5	7	0	0.4550
2363	5	21	0	0.0000
2364	5	32	0	0.2270
2365	5	14	1	0.4561
2366	5	23	0	0.2441
2367	5	9	1	0.3058
2368	5	16	1	0.3702
2369	5	6	1	0.2052
2370	5	13	1	0.3134
2371	5	5	0	0.0315
2372	5	11	2	0.4933
2373	5	14	1	0.2155
2374	5	22	0	0.3010
2375	5	17	0	0.0000
2376	5	19	0	0.3451
2377	5	19	0	0.1765
2378	5	23	0	0.2109
2379	6	35	0	0.2215
2380	5	9	1	0.1878
2381	4	11	1	0.1047
2382	5	16	0	0.0000
2383	5	16	0	0.0000
2384	5	19	0	0.3128
2385	6	26	0	0.1442
2386	5	14	0	0.0563
2387	5	30	0	0.0274
2388	5	9	0	0.1943
2389	5	10	1	0.4410
2390	5	20	1	0.4086
2391	5	12	1	0.3892
2392	5	13	0	0.0000
2393	5	19	0	0.0000
2394	5	7	0	0.0621
2395	5	13	1	0.3539
2396	6	8	2	0.4997
2397	5	19	0	0.0143
2398	5	13	1	0.4321
2399	5	13	0	0.2849
2400	5	27	0	0.2412
2401	5	13	0	0.2730
2402	5	19	1	0.2546
2403	50	7	1	0.5775
2404	6	17	0	0.2096
2405	5	5	0	0.0690
2406	5	6	0	0.3319
2407	5	19	0	0.0000
2408	6	14	1	0.4540
2409	5	20	0	0.0157
2410	5	1	3	0.3707
2411	5	14	0	0.0000
2412	5	20	1	0.4163
2413	6	11	1	0.3853
2414	50	3	2	0.5511
2415	5	12	2	0.3343
2416	5	34	0	0.0285
2417	4	8	1	0.3121
2418	5	14	0	0.0000
2419	5	9	1	0.2910
2420	5	6	1	0.3738
2421	5	11	1	0.1459
2422	50	0	0	0.5528
2423	5	13	0	0.2253
2424	5	18	0	0.0000
2425	5	26	0	0.2310
2426	50	6	0	0.3343
2427	5	18	0	0.0247
2428	5	23	0	0.0000
2429	5	15	0	0.0120
2430	10	5	0	0.2834
2431	5	10	0	0.2805
2432	6	10	1	0.5204
2433	6	6	1	0.1468
2434	5	9	0	0.3930
2435	5	22	0	0.0489
2436	5	22	0	0.1233
2437	5	29	0	0.1841
2438	5	14	2	0.5263
2439	5	11	0	0.0700
2440	5	15	2	0.3408
2441	8	3	3	0.4192
2442	50	11	0	0.4979
2443	5	20	0	0.0231
2444	5	10	1	0.2820
2445	5	23	0	0.3426
2446	6	5	1	0.1286
2447	50	0	0	0.4284
2448	6	5	1	0.4410
2449	5	34	0	0.0817
2450	5	19	0	0.0206
2451	5	15	0	0.0000
2452	5	14	1	0.4086
2453	5	43	0	0.1873
2454	5	12	1	0.3596
2455	5	17	0	0.0000
2456	5	18	1	0.2294
2457	5	6	0	0.2735
2458	5	13	0	0.3219
2459	5	10	0	0.2844
2460	4	9	1	0.5766
2461	5	17	0	0.0244
2462	5	15	1	0.2426
2463	5	16	0	0.1236
2464	5	16	0	0.0838
2465	5	8	1	0.4922
2466	6	20	0	0.0272
2467	5	7	1	0.5160
2468	5	15	0	0.0177
2469	5	18	1	0.5077
2470	5	10	1	0.5355
2471	5	10	2	0.1297
2472	5	13	0	0.1353
2473	5	19	0	0.1802
2474	6	5	0	0.5841
2475	5	8	1	0.5833
2476	5	15	0	0.0000
2477	6	22	0	0.1314
2478	5	22	0	0.0144
2479	5	11	0	0.3157
2480	5	17	0	0.0000
2481	7	9	0	0.3695
2482	5	15	0	0.0000
2483	5	4	0	0.1323
2484	5	15	0	0.0335
2485	5	12	0	0.3198
2486	5	13	0	0.0181
2487	5	18	0	0.0000
2488	6	10	0	0.4822
2489	5	18	0	0.0000
2490	5	11	1	0.3914
2491	5	11	0	0.1335
2492	5	25	0	0.3224
2493	6	15	0	0.2384
2494	5	30	0	0.0809
2495	5	8	0	0.3618
2496	5	13	1	0.0734
2497	5	25	0	0.0000
2498	5	5	1	0.4747
2499	50	3	0	0.5421
2500	6	17	0	0.2769
2501	50	2	0	0.4511
2502	5	11	1	0.4180
2503	5	15	1	0.4110
2504	5	18	0	0.1994
2505	5	9	0	0.3467
2506	5	13	0	0.1705
2507	5	9	0	0.0607
2508	4	4	0	0.0499
2509	5	8	0	0.1109
2510	5	17	0	0.0491
2511	5	11	3	0.3626
2512	5	17	0	0.3092
2513	5	12	0	0.3392
2514	6	15	0	0.1988
2515	5	15	0	0.0000
2516	5	26	0	0.0268
2517	5	21	1	0.2920
2518	5	16	0	0.2577
2519	5	7	0	0.2776
2520	7	5	1	0.1579
2521	6	8	1	0.5638
2522	5	3	0	0.1917
2523	5	21	0	0.0251
2524	5	3	0	0.1467
2525	5	6	1	0.4398
2526	5	6	0	0.1854
2527	5	15	0	0.0000
2528	6	10	1	0.4321
2529	25	10	0	0.6329
2530	6	15	0	0.4171
2531	5	10	1	0.4989
2532	5	23	0	0.0000
2533	5	7	0	0.1301
2534	9	7	2	0.2768
2535	5	15	0	0.4556
2536	6	6	2	0.4395
2537	5	7	1	0.5152
2538	6	20	0	0.1772
2539	5	8	0	0.2713
2540	5	13	1	0.2508
2541	5	13	0	0.2748
2542	50	1	1	0.4284
2543	5	20	0	0.1882
2544	5	34	0	0.1705
2545	5	7	0	0.0715
2546	6	20	0	0.1541
2547	5	23	0	0.0593
2548	6	19	0	0.2662
2549	5	16	0	0.0000
2550	5	11	0	0.3488
2551	5	7	1	0.5386
2552	5	13	2	0.5627
2553	5	3	1	0.3558
2554	6	6	0	0.3738
2555	5	19	0	0.0000
2556	5	6	0	0.3359
2557	5	13	0	0.0298
2558	5	13	1	0.4807
2559	5	11	1	0.3351
2560	5	24	0	0.0434
2561	5	3	0	0.4622
2562	5	20	0	0.1496
2563	5	7	1	0.4756
2564	5	16	0	0.2225
2565	7	4	0	0.3685
2566	5	16	1	0.3125
2567	5	12	1	0.4649
2568	5	16	1	0.3532
2569	5	10	1	0.4486
2570	5	16	0	0.0000
2571	5	15	1	0.1852
2572	5	21	0	0.0000
2573	5	11	0	0.2759
2574	5	17	0	0.0000
2575	5	3	0	0.1676
2576	5	19	0	0.0830
2577	5	29	0	0.0195
2578	6	4	2	0.3087
2579	5	19	0	0.0138
2580	6	3	2	0.1741
2581	5	14	0	0.0000
2582	5	8	0	0.3481
2583	5	27	0	0.1024
2584	5	17	0	0.3212
2585	5	9	1	0.4759
2586	5	17	0	0.0000
2587	5	14	1	0.5035
2588	6	16	0	0.2029
2589	5	4	1	0.4435
2590	5	24	0	0.2443
2591	5	15	0	0.0000
2592	5	14	0	0.0000
2593	6	6	1	0.1208
2594	5	24	0	0.2136
2595	5	7	0	0.0870
2596	4	10	1	0.5398
2597	5	13	0	0.2191
2598	5	15	0	0.2977
2599	5	18	0	0.0000
2600	5	15	1	0.3775
2601	6	5	0	0.2917
2602	5	8	0	0.0336
2603	5	19	0	0.0228
2604	5	31	0	0.0693
2605	5	12	0	0.0148
2606	4	0	1	0.5996
2607	5	19	0	0.0000
2608	5	23	1	0.2634
2609	5	10	1	0.4308
2610	5	12	0	0.0000
2611	50	3	1	0.2731
2612	5	12	0	0.0000
2613	5	15	0	0.0196
2614	5	21	1	0.2798
2615	5	18	0	0.0000
2616	5	0	3	0.5878
2617	5	28	0	0.2318
2618	5	16	0	0.0000
2619	6	5	0	0.3584
2620	5	41	0	0.1659
2621	5	17	1	0.3221
2622	5	15	1	0.3053
2623	5	13	2	0.4501
2624	5	14	3	0.0380
2625	5	7	0	0.2037
2626	5	20	0	0.0189
2627	5	11	0	0.0000
2628	5	16	0	0.0213
2629	5	14	0	0.0000
2630	5	20	0	0.0380
2631	5	11	0	0.0266
2632	5	13	2	0.4459
2633	5	20	0	0.2134
2634	5	34	0	0.0285
2635	4	8	1	0.3121
2636	5	8	0	0.4085
2637	6	9	1	0.4030
2638	5	14	0	0.0000
2639	4	9	2	0.5589
2640	5	7	1	0.4136
2641	5	14	0	0.0000
2642	5	17	0	0.2946
2643	5	22	0	0.0078
2644	5	14	0	0.2838
2645	4	2	0	0.0478
2646	5	8	1	0.2384
2647	5	8	2	0.3500
2648	5	10	0	0.3750
2649	5	14	0	0.0246
2650	5	36	0	0.0000
2651	5	9	1	0.3691
2652	5	13	0	0.0000
2653	5	7	1	0.5127
2654	5	17	1	0.4837
2655	5	10	0	0.3276
2656	5	20	0	0.0253
2657	5	15	0	0.0881
2658	5	14	1	0.2512
2659	5	7	2	0.3365
2660	4	2	1	0.1058
2661	5	16	0	0.2929
2662	6	13	0	0.2507
2663	5	9	1	0.5587
2664	10	7	0	0.3633
2665	2	1	0	0.0850
2666	5	16	0	0.2798
2667	5	12	1	0.3974
2668	5	19	0	0.0713
2669	5	9	1	0.4802
2670	5	10	1	0.5143
2671	6	14	0	0.2619
2672	5	19	0	0.2932
2673	5	25	0	0.1399
2674	5	10	0	0.4535
2675	5	22	0	0.2354
2676	5	16	0	0.2261
2677	5	10	0	0.0186
2678	5	20	1	0.4278
2679	5	12	0	0.0138
2680	5	13	2	0.4189
2681	5	38	0	0.1759
2682	6	8	1	0.4729
2683	5	12	1	0.4145
2684	5	18	0	0.0000
2685	5	15	1	0.4734
2686	5	14	0	0.0000
2687	6	2	0	0.2435
2688	5	11	0	0.3534
2689	5	14	0	0.2474
2690	5	6	0	0.3207
2691	6	12	0	0.2073
2692	5	13	0	0.1848
2693	5	21	1	0.3939
2694	7	4	0	0.5414
2695	5	1	1	0.1342
2696	7	12	0	0.2431
2697	7	6	1	0.5204
2698	5	17	0	0.0000
2699	5	11	1	0.3671
2700	5	17	2	0.3726
2701	5	14	1	0.5305
2702	5	16	0	0.0171
2703	5	16	0	0.3806
2704	6	10	0	0.4161
2705	5	11	2	0.4165
2706	5	13	0	0.0291
2707	5	13	1	0.0592
2708	5	3	0	0.3456
2709	5	15	1	0.4489
2710	6	15	1	0.3938
2711	5	13	0	0.2662
2712	4	6	0	0.0000
2713	6	13	0	0.3889
2714	6	9	1	0.1086
2715	5	8	0	0.2543
2716	6	6	2	0.3575
2717	5	7	2	0.1711
2718	6	8	1	0.2714
2719	5	6	1	0.2892
2720	6	5	0	0.3576
2721	5	14	0	0.0170
2722	5	3	1	0.4928
2723	5	14	0	0.0190
2724	5	9	1	0.4956
2725	5	16	0	0.0207
2726	5	14	0	0.0099
2727	5	17	0	0.3076
2728	5	13	1	0.1758
2729	5	7	1	0.5483
2730	5	18	0	0.0266
2731	5	9	0	0.0248
2732	6	1	0	0.0736
2733	5	18	0	0.0000
2734	5	14	0	0.3535
2735	5	17	0	0.0192
2736	5	10	0	0.2805
2737	6	10	0	0.1371
2738	5	18	1	0.1314
2739	5	4	0	0.0297
2740	5	23	0	0.3201
2741	5	9	0	0.0226
2742	5	14	0	0.0000
2743	6	18	0	0.3038
2744	5	15	0	0.0619
2745	5	17	0	0.2923
2746	5	9	0	0.0000
2747	5	3	1	0.3540
2748	5	4	0	0.0746
2749	6	11	0	0.3045
2750	5	25	0	0.0000
2751	5	9	1	0.5025
2752	5	30	0	0.2330
2753	6	19	0	0.3180
2754	6	15	0	0.3104
2755	5	11	0	0.0308
2756	5	32	0	0.1767
2757	5	7	0	0.0622
2758	6	10	1	0.4320
2759	5	9	1	0.4558
2760	5	18	0	0.0520
2761	5	20	0	0.0783
2762	5	14	0	0.0625
2763	5	6	1	0.2892
2764	5	21	0	0.0656
2765	5	6	1	0.1428
2766	5	5	1	0.1129
2767	5	4	0	0.1137
2768	5	10	1	0.1576
2769	5	9	0	0.0499
2770	5	9	0	0.0000
2771	4	8	1	0.4308
2772	5	19	1	0.2712
2773	4	1	0	0.0678
2774	8	17	2	0.4279
2775	5	34	0	0.1572
2776	5	26	0	0.2820
2777	5	6	0	0.2684
2778	6	10	1	0.4346
2779	5	17	1	0.4079
2780	5	6	0	0.1698
2781	50	1	0	0.4595
2782	5	10	0	0.0000
2783	5	13	0	0.0000
2784	5	20	1	0.0532
2785	5	11	1	0.3571
2786	5	5	1	0.5121
2787	5	19	0	0.0000
2788	6	11	1	0.5008
2789	5	14	0	0.4082
2790	6	17	0	0.1812
2791	5	13	0	0.0000
2792	5	16	0	0.0000
2793	5	13	0	0.0000
2794	50	1	0	0.5889
2795	6	13	0	0.0289
2796	5	11	0	0.0273
2797	5	16	0	0.0000
2798	5	15	0	0.0205
2799	7	7	0	0.6265
2800	5	13	1	0.3867
2801	5	16	0	0.0242
2802	5	23	0	0.2441
2803	5	17	0	0.3544
2804	6	25	0	0.1069
2805	5	12	1	0.3446
2806	50	1	1	NaN
2807	5	5	1	0.4377
2808	5	13	0	0.0000
2809	5	14	1	0.3810
2810	7	5	0	0.3835
2811	5	5	0	0.0459
2812	5	17	0	0.0000
2813	6	2	0	0.2655
2814	5	19	0	0.0147
2815	5	5	0	0.3764
2816	6	2	1	0.2345
2817	6	16	0	0.3233
2818	5	22	1	0.2297
2819	6	17	0	0.1926
2820	5	11	1	0.3730
2821	5	14	1	0.4143
2822	4	5	1	0.1385
2823	5	13	2	0.5139
2824	50	0	1	NaN
2825	5	15	0	0.2251
2826	5	17	0	0.1949
2827	5	19	0	0.0000
2828	50	2	0	0.4443
2829	5	17	0	0.0000
2830	5	14	0	0.2758
2831	5	12	2	0.4863
2832	5	24	1	0.2394
2833	6	10	2	0.4346
2834	5	18	0	0.0634
2835	5	15	0	0.0000
2836	5	12	1	0.3667
2837	5	25	0	0.0000
2838	5	7	0	0.2604
2839	5	27	0	0.2067
2840	5	15	0	0.0000
2841	5	19	1	0.1045
2842	5	20	0	0.0134
2843	5	8	1	0.6063
2844	5	14	1	0.4230
2845	5	13	0	0.0000
2846	5	8	0	0.3799
2847	5	11	0	0.3347
2848	5	12	1	0.4458
2849	5	6	0	0.1389
2850	4	3	2	0.1620
2851	5	12	1	0.5349
2852	5	10	0	0.0350
2853	5	14	1	0.4392
2854	5	9	0	0.2974
2855	5	17	0	0.0000
2856	5	6	0	0.2092
2857	5	17	0	0.1594
2858	5	9	0	0.0160
2859	5	14	2	0.4878
2860	5	8	0	0.0268
2861	4	5	2	0.4454
2862	50	5	0	0.5883
2863	5	7	1	0.5653
2864	5	24	0	0.1365
2865	5	15	0	0.2986
2866	5	13	1	0.5592
2867	5	20	0	0.2798
2868	5	11	0	0.3154
2869	5	17	1	0.4360
2870	5	23	0	0.1959
2871	5	10	1	0.2644
2872	5	8	2	0.4526
2873	5	12	0	0.0000
2874	5	9	0	0.0110
2875	5	22	0	0.0496
2876	5	13	1	0.4432
2877	50	5	0	0.5355
2878	5	14	2	0.5094
2879	6	4	1	0.3353
2880	5	16	0	0.0482
2881	5	41	0	0.1659
2882	5	8	1	0.4431
2883	6	18	0	0.3158
2884	5	14	0	0.3167
2885	5	11	0	0.3530
2886	5	0	1	0.5333
2887	5	9	1	0.4911
2888	5	8	1	0.5737
2889	5	13	0	0.0000
2890	5	8	0	0.3293
2891	5	5	1	0.2129
2892	5	15	0	0.0000
2893	5	9	1	0.4898
2894	5	21	1	0.3527
2895	5	12	2	0.5028
2896	5	32	0	0.2555
2897	5	16	0	0.2305
2898	5	20	0	0.0000
2899	5	15	0	0.0360
2900	6	14	0	0.4401
2901	5	5	0	0.0529
2902	5	7	0	0.3895
2903	5	16	0	0.0808
2904	5	9	1	0.4613
2905	5	8	0	0.0762
2906	5	16	0	0.0000
2907	5	13	0	0.0000
2908	5	23	0	0.0205
2909	5	9	0	0.1133
2910	5	9	1	0.4691
2911	5	37	0	0.0000
2912	5	8	1	0.5033
2913	5	5	0	0.3285
2914	50	10	0	0.5402
2915	5	12	1	0.4036
2916	5	8	1	0.5593
2917	5	16	0	0.1964
2918	5	15	0	0.0881
2919	5	8	1	0.3931
2920	5	7	2	0.3365
2921	5	6	1	0.2409
2922	6	15	0	0.4171
2923	5	17	0	0.2178
2924	5	8	0	0.2828
2925	6	3	2	0.4752
2926	5	14	1	0.4005
2927	5	12	0	0.0000
2928	5	14	0	0.2846
2929	5	20	0	0.2950
2930	5	12	0	0.1983
2931	5	11	0	0.2078
2932	5	7	1	0.4641
2933	5	12	0	0.0000
2934	5	9	0	0.3063
2935	5	19	0	0.0000
2936	5	22	0	0.0000
2937	50	0	0	NaN
2938	6	11	1	0.5469
2939	5	8	1	0.3633
2940	6	9	0	0.3734
2941	5	12	0	0.1571
2942	5	9	1	0.2910
2943	5	14	0	0.0000
2944	6	3	0	0.1272
2945	5	11	1	0.4681
2946	6	7	1	0.6985
2947	5	11	1	0.3929
2948	4	4	1	0.0548
2949	5	9	0	0.0000
2950	5	10	0	0.2677
2951	5	12	0	0.0000
2952	5	15	0	0.1738
2953	5	16	0	0.0000
2954	5	7	0	0.3433
2955	5	11	1	0.3885
2956	5	19	0	0.0000
2957	5	5	0	0.3285
2958	5	13	0	0.2437
2959	5	7	0	0.5335
2960	5	11	0	0.0322
2961	5	14	2	0.5263
2962	4	7	0	0.0397
2963	5	14	0	0.0560
2964	50	0	0	NaN
2965	5	12	0	0.0000
2966	5	13	0	0.4176
2967	5	7	0	0.1939
2968	5	23	0	0.3426
2969	5	15	0	0.0764
2970	5	7	0	0.3182
2971	5	14	1	0.3542
2972	5	10	1	0.4002
2973	6	14	1	0.4244
2974	5	13	0	0.1672
2975	5	15	1	0.3156
2976	5	10	2	0.4274
2977	5	15	0	0.2160
2978	5	15	1	0.3384
2979	5	12	0	0.0277
2980	5	15	0	0.2905
2981	5	19	0	0.0079
2982	5	17	1	0.4342
2983	4	5	1	0.3884
2984	5	14	1	0.4549
2985	5	18	1	0.4454
2986	6	2	1	0.2041
2987	15	7	0	0.4764
2988	5	22	0	0.1677
2989	5	16	0	0.1880
2990	5	18	0	0.0000
2991	5	13	0	0.0528
2992	6	3	1	0.4379
2993	5	8	1	0.5086
2994	5	14	0	0.0000
2995	4	4	1	0.5175
2996	6	8	0	0.4895
2997	5	18	0	0.3423
2998	5	10	0	0.3070
2999	5	11	0	0.1921
3000	5	11	0	0.0000
3001	5	16	1	0.3227
3002	5	24	0	0.0264
3003	6	8	2	0.1137
3004	5	16	0	0.2942
3005	5	22	0	0.0000
3006	5	22	0	0.0496
3007	5	13	1	0.3682
3008	5	4	1	0.2686
3009	5	18	0	0.2525
3010	5	11	0	0.1072
3011	5	11	1	0.1165
3012	5	8	0	0.1966
3013	5	12	1	0.3532
3014	50	0	0	0.6200
3015	5	4	1	0.2799
3016	5	16	0	0.0000
3017	5	15	0	0.0000
3018	5	8	0	0.3618
3019	7	13	1	0.5011
3020	5	25	0	0.0000
3021	5	7	0	0.2558
3022	50	2	0	0.7362
3023	5	16	0	0.1921
3024	50	2	0	0.4511
3025	6	7	1	0.3649
3026	5	7	0	0.3237
3027	5	11	2	0.5167
3028	5	11	1	0.3203
3029	6	11	0	0.2850
3030	5	8	1	0.4698
3031	2	1	0	0.6437
3032	5	18	0	0.2696
3033	5	13	1	0.1691
3034	5	14	0	0.0272
3035	5	14	0	0.0000
3036	5	18	0	0.2402
3037	6	15	0	0.1988
3038	5	5	0	0.0204
3039	5	15	0	0.0000
3040	5	21	0	0.3030
3041	5	13	0	0.1848
3042	6	13	0	0.4214
3043	50	3	0	0.7301
3044	6	28	0	0.0000
3045	5	26	0	0.1060
3046	6	15	0	0.3058
3047	5	14	0	0.0903
3048	6	11	1	0.4126
3049	5	37	0	0.0000
3050	6	12	1	0.4976
3051	5	16	0	0.0210
3052	5	14	0	0.2301
3053	5	9	0	0.5420
3054	6	5	0	0.2350
3055	5	9	0	0.0847
3056	5	19	0	0.0000
3057	5	7	0	0.0852
3058	5	15	1	0.3853
3059	5	30	0	0.1507
3060	5	9	0	0.5053
3061	50	3	1	0.4063
3062	10	8	0	0.5176
3063	8	8	1	0.4377
3064	5	14	0	0.0000
3065	5	8	1	0.4389
3066	5	17	0	0.0482
3067	6	10	1	0.4371
3068	6	4	2	0.2881
3069	50	1	0	0.4596
3070	5	9	1	0.5487
3071	5	24	1	0.2179
3072	5	10	0	0.0000
3073	5	19	0	0.3734
3074	5	4	1	0.2172
3075	5	13	0	0.0189
3076	50	1	1	NaN
3077	5	10	2	0.5152
3078	5	4	1	0.3664
3079	5	8	1	0.4713
3080	5	16	0	0.0000
3081	6	7	0	0.1285
3082	5	1	0	0.0515
3083	5	10	0	0.0990
3084	5	10	1	0.1559
3085	5	42	0	0.1938
3086	5	23	0	0.0310
3087	5	13	2	0.3821
3088	5	16	0	0.0479
3089	5	7	0	0.4104
3090	5	13	0	0.0845
3091	5	10	1	0.5466
3092	5	21	0	0.2745
3093	5	8	0	0.2207
3094	5	13	1	0.3546
3095	4	2	2	0.1341
3096	5	4	1	0.3923
3097	5	12	0	0.0000
3098	5	13	0	0.0000
3099	4	0	1	0.3427
3100	5	11	1	0.4335
3101	6	26	0	0.1654
3102	5	12	0	0.0455
3103	6	12	2	0.4157
3104	50	0	0	NaN
3105	5	20	0	0.1027
3106	5	12	0	0.0330
3107	5	13	1	0.3327
3108	4	3	1	0.0673
3109	5	10	1	0.1366
3110	5	10	0	0.1619
3111	5	14	0	0.0000
3112	5	34	0	0.0000
3113	5	7	2	0.3885
3114	4	6	0	0.0391
3115	5	10	1	0.3916
3116	5	9	0	0.1301
3117	6	10	0	0.1750
3118	6	17	1	0.4097
3119	5	9	0	0.0241
3120	5	13	0	0.0000
3121	5	10	1	0.4558
3122	5	21	0	0.0185
3123	5	7	0	0.4909
3124	5	13	0	0.0298
3125	5	13	1	0.4807
3126	5	11	0	0.0351
3127	5	24	0	0.0434
3128	5	11	1	0.5162
3129	5	34	0	0.0000
3130	5	11	1	0.2702
3131	5	10	0	0.1111
3132	5	13	0	0.2099
3133	5	21	0	0.2577
3134	5	12	1	0.4649
3135	5	12	0	0.0000
3136	5	7	1	0.3028
3137	5	13	0	0.2323
3138	4	5	0	0.2025
3139	5	19	0	0.0000
3140	5	24	0	0.2485
3141	6	27	0	0.2066
3142	5	11	1	0.4640
3143	5	10	0	0.0000
3144	5	15	0	0.0423
3145	4	3	2	0.0981
3146	5	18	0	0.0000
3147	5	7	0	0.2621
3148	5	15	0	0.0116
3149	6	12	0	0.4750
3150	6	10	1	0.3927
3151	5	22	0	0.2785
3152	5	16	0	0.0000
3153	5	16	0	0.3094
3154	5	16	1	0.3134
3155	5	4	1	0.3500
3156	5	23	0	0.1857
3157	5	26	0	0.0598
3158	5	27	0	0.0000
3159	5	12	1	0.3481
3160	5	13	0	0.0000
3161	5	31	0	0.0000
3162	5	17	0	0.3767
3163	4	10	1	0.5398
3164	5	12	1	0.3085
3165	5	7	2	0.3929
3166	5	9	0	0.3401
3167	5	13	1	0.5188
3168	5	10	0	0.3530
3169	5	12	1	0.0539
3170	5	20	0	0.0580
3171	5	10	1	0.4522
3172	7	7	0	0.1466
3173	5	11	0	0.0965
3174	5	13	0	0.0000
3175	6	16	1	0.4619
3176	5	12	0	0.0000
3177	5	5	2	0.3222
3178	6	17	0	0.2630
3179	5	12	0	0.0000
3180	50	4	1	0.5184
3181	5	15	1	0.3193
3182	5	13	0	0.0372
3183	5	7	0	0.4838
3184	4	7	1	0.0381
3185	5	8	0	0.1013
3186	5	13	0	0.2014
3187	5	14	0	0.0221
3188	5	21	0	0.1269
3189	5	19	1	0.2812
3190	5	12	0	0.0338
3191	5	7	0	0.0490
3192	50	2	0	0.5093
3193	6	20	0	0.3175
3194	5	14	0	0.0000
3195	5	34	0	0.0370
3196	5	4	1	0.3181
3197	5	2	1	0.1590
3198	6	19	0	0.2276
3199	5	11	0	0.1813
3200	5	4	1	0.3829
3201	4	3	0	0.0503
3202	5	7	1	0.4487
3203	5	8	1	0.2606
3204	5	10	1	0.4167
3205	5	5	2	0.4951
3206	5	16	0	0.0000
3207	50	2	1	0.4640
3208	5	18	2	0.4385
3209	5	11	1	0.3929
3210	5	12	0	0.1913
3211	5	9	0	0.0000
3212	5	16	0	0.0123
3213	5	18	0	0.0203
3214	5	8	2	0.3500
3215	5	11	0	0.0145
3216	50	6	1	0.1987
3217	5	11	0	0.0000
3218	5	19	0	0.2106
3219	6	24	0	0.3208
3220	5	10	1	0.5760
3221	5	6	0	0.4546
3222	6	12	0	0.2875
3223	5	17	1	0.2809
3224	50	1	0	NaN
3225	5	18	0	0.0000
3226	5	8	0	0.0518
3227	5	20	1	0.2929
3228	5	13	0	0.2365
3229	5	15	1	0.0255
3230	5	4	4	0.2699
3231	5	12	0	0.0490
3232	5	18	0	0.0000
3233	5	13	0	0.1252
3234	6	20	1	0.3155
3235	5	14	0	0.3100
3236	5	30	0	0.2442
3237	4	2	5	0.0844
3238	5	12	1	0.1900
3239	5	15	0	0.0000
3240	5	10	2	0.5339
3241	6	13	0	0.1694
3242	5	9	0	0.0286
3243	5	9	0	0.2972
3244	5	20	0	0.2134
3245	5	34	0	0.0285
3246	5	7	1	0.4487
3247	5	10	1	0.5207
3248	5	12	1	0.2539
3249	5	30	0	0.2163
3250	5	20	0	0.2288
3251	6	16	0	0.2083
3252	5	12	1	0.2928
3253	7	2	0	0.1424
3254	5	13	0	0.1152
3255	50	5	0	0.5883
3256	5	17	0	0.3555
3257	5	6	0	0.6029
3258	5	11	1	0.4655
3259	5	14	1	0.3542
3260	4	6	1	0.4001
3261	4	6	1	0.3909
3262	5	7	0	0.3559
3263	5	10	1	0.3879
3264	5	14	1	0.2286
3265	5	17	0	0.1861
3266	5	5	0	0.2479
3267	5	19	0	0.0000
3268	5	21	0	0.0000
3269	6	11	2	0.4026
3270	5	15	0	0.2277
3271	5	10	0	0.2701
3272	5	13	1	0.2623
3273	5	19	1	0.2247
3274	5	8	1	0.4491
3275	50	2	3	0.4679
3276	5	9	1	0.4105
3277	5	12	1	0.4340
3278	5	9	0	0.2248
3279	5	17	0	0.0000
3280	5	9	1	0.4802
3281	4	2	0	0.0905
3282	5	29	0	0.0205
3283	5	20	0	0.1019
3284	5	4	1	0.5350
3285	5	12	2	0.4357
3286	5	17	0	0.1994
3287	5	0	1	0.0997
3288	5	12	1	0.3379
3289	50	1	0	0.4761
3290	5	25	1	0.0536
3291	5	13	0	0.0625
3292	50	1	0	0.1198
3293	6	22	0	0.2976
3294	5	2	1	0.1455
3295	5	37	0	0.1050
3296	6	8	1	0.4928
3297	5	21	0	0.0264
3298	5	8	0	0.0762
3299	5	20	0	0.0107
3300	8	9	1	0.3459
3301	6	5	1	0.3369
3302	5	4	1	0.4055
3303	5	16	0	0.1129
3304	5	21	0	0.3306
3305	5	13	0	0.0998
3306	6	22	0	0.1314
3307	5	13	0	0.1355
3308	5	33	0	0.0000
3309	5	29	0	0.2459
3310	5	12	0	0.0767
3311	5	5	1	0.4156
3312	5	22	0	0.0000
3313	5	23	0	0.2681
3314	5	11	0	0.0000
3315	5	13	0	0.3919
3316	50	9	0	0.6141
3317	4	2	1	0.2576
3318	5	13	0	0.0288
3319	5	24	0	0.0000
3320	5	11	0	0.1335
3321	5	14	0	0.0000
3322	5	17	0	0.0347
3323	5	17	0	0.2189
3324	5	8	0	0.3618
3325	5	13	0	0.0661
3326	5	25	0	0.0000
3327	5	15	1	0.4695
3328	50	3	0	0.5421
3329	4	10	2	0.4421
3330	6	6	0	0.2451
3331	5	12	0	0.1615
3332	5	6	0	0.3981
3333	6	6	1	0.3520
3334	6	15	1	0.3848
3335	5	31	0	0.0000
3336	5	17	0	0.0087
3337	5	5	0	0.3273
3338	5	22	0	0.2877
3339	5	15	0	0.0235
3340	5	5	1	0.4208
3341	6	16	0	0.3555
3342	6	6	0	0.4776
3343	5	17	0	0.3185
3344	5	15	0	0.0431
3345	6	11	1	0.2345
3346	5	17	0	0.2065
3347	5	9	1	0.5095
3348	50	2	0	0.2626
3349	6	24	0	0.2178
3350	5	11	0	0.2690
3351	5	31	0	0.1726
3352	5	14	0	0.1153
3353	5	12	1	0.5294
3354	5	8	0	0.0232
3355	5	9	1	0.4212
3356	5	13	0	0.0530
3357	5	14	0	0.1594
3358	5	24	0	0.0565
3359	5	19	0	0.0000
3360	5	12	0	0.0238
3361	6	6	1	0.4067
3362	5	24	1	0.3898
3363	5	11	1	0.4085
3364	5	16	1	0.4338
3365	4	2	0	0.0978
3366	5	14	0	0.0642
3367	5	17	0	0.3536
3368	5	22	0	0.1991
3369	6	24	0	0.1565
3370	50	1	1	0.3585
3371	5	23	0	0.2279
3372	5	6	0	0.1380
3373	5	15	1	0.3289
3374	5	23	0	0.0000
3375	5	11	1	0.4374
3376	5	11	1	0.5111
3377	5	15	0	0.0000
3378	5	10	1	0.3948
3379	5	17	0	0.0000
3380	5	14	0	0.0000
3381	6	18	0	0.2261
3382	5	8	0	0.1501
3383	5	7	0	0.3507
3384	6	15	1	0.4326
3385	6	4	0	0.1821
3386	5	13	0	0.0000
3387	13	6	0	0.5140
3388	5	20	0	0.0000
3389	5	8	1	0.5186
3390	5	11	1	0.3792
3391	5	9	1	0.4035
3392	5	17	0	0.4153
3393	5	10	1	0.4246
3394	5	13	1	0.4508
3395	5	18	1	0.4492
3396	7	11	1	0.4936
3397	6	4	0	0.1207
3398	5	19	0	0.2905
3399	5	16	0	0.3804
3400	5	18	0	0.0000
3401	5	9	0	0.1948
3402	5	7	0	0.4383
3403	5	17	1	0.0203
3404	5	11	0	0.1346
3405	5	19	0	0.0000
3406	5	20	1	0.2731
3407	5	9	1	0.4157
3408	5	4	2	0.3048
3409	5	9	2	0.4378
3410	5	11	0	0.2885
3411	5	8	1	0.4696
3412	8	5	1	0.4369
3413	5	9	0	0.0244
3414	6	15	1	0.5358
3415	5	20	0	0.0000
3416	5	8	1	0.4234
3417	6	7	0	0.1951
3418	5	25	0	0.2204
3419	5	15	2	0.4582
3420	5	10	3	0.4471
3421	5	7	0	0.1441
3422	5	11	2	0.3871
3423	5	21	0	0.0158
3424	5	15	0	0.0000
3425	5	15	0	0.0452
3426	5	13	0	0.2191
3427	5	6	0	0.3949
3428	5	18	0	0.0518
3429	5	14	0	0.0654
3430	5	21	0	0.0000
3431	5	13	1	0.2710
3432	5	34	0	0.2004
3433	6	13	0	0.2626
3434	50	0	0	NaN
3435	6	9	0	0.1891
3436	5	3	0	0.3400
3437	5	23	0	0.0000
3438	5	21	0	0.0000
3439	5	16	0	0.2006
3440	5	16	0	0.2550
3441	6	8	0	0.1264
3442	4	5	1	0.2434
3443	5	14	0	0.0000
3444	5	6	1	0.4755
3445	5	14	1	0.2349
3446	5	5	0	0.2852
3447	5	12	0	0.2105
3448	5	20	0	0.2078
3449	6	18	1	0.4585
3450	5	7	0	0.4166
3451	6	8	1	0.2972
3452	5	9	0	0.0170
3453	4	4	0	0.3783
3454	6	22	0	0.1837
3455	5	27	0	0.1993
3456	5	9	1	0.5228
3457	5	8	2	0.4870
3458	5	10	0	0.0233
3459	5	20	0	0.1888
3460	5	12	0	0.2462
3461	5	14	0	0.3244
3462	5	34	0	0.0552
3463	5	17	0	0.0000
3464	5	3	1	0.3561
3465	5	10	1	0.3751
3466	5	9	1	0.0825
3467	6	13	1	0.3854
3468	6	29	0	0.1260
3469	5	13	1	0.4020
3470	5	17	1	0.2194
3471	5	11	1	0.4180
3472	5	33	0	0.0182
3473	5	17	0	0.0000
3474	5	23	0	0.2342
3475	5	12	1	0.3834
3476	5	15	0	0.1188
3477	5	6	0	0.3863
3478	5	17	0	0.0000
3479	5	21	0	0.0000
3480	5	25	0	0.0000
3481	5	12	1	0.5257
3482	5	3	1	0.1436
3483	5	14	0	0.0000
3484	5	10	1	0.5466
3485	5	31	0	0.1882
3486	5	15	3	0.4071
3487	4	3	0	0.0212
3488	5	7	1	0.5403
3489	5	19	0	0.0000
3490	6	15	0	0.4171
3491	5	8	0	0.1345
3492	4	7	0	0.2996
3493	5	11	0	0.4670
3494	5	6	1	0.4376
3495	5	24	0	0.0000
3496	50	0	0	NaN
3497	5	11	0	0.0308
3498	5	5	0	0.3800
3499	5	7	0	0.0622
3500	5	32	0	0.0000
3501	50	1	1	0.1011
3502	5	9	1	0.4559
3503	6	24	0	0.2078
3504	5	19	1	0.2946
3505	50	1	0	0.1194
3506	5	11	0	0.0273
3507	5	16	0	0.0000
3508	5	19	0	0.2049
3509	5	27	0	0.0306
3510	5	8	1	0.4021
3511	5	21	0	0.1478
3512	5	6	0	0.0932
3513	5	20	1	0.0289
3514	5	14	1	0.4670
3515	5	24	1	0.3809
3516	6	30	1	0.3515
3517	6	7	1	0.1476
3518	6	12	0	0.2603
3519	5	7	1	0.2725
3520	5	15	1	0.4065
3521	5	9	2	0.3605
3522	5	18	0	0.0419
3523	5	10	0	0.3528
3524	5	19	0	0.0473
3525	5	15	0	0.2853
3526	5	9	0	0.1012
3527	5	14	0	0.0348
3528	5	15	0	0.2230
3529	5	18	0	0.2014
3530	50	1	0	0.5261
3531	5	17	1	0.3933
3532	4	4	1	0.2135
3533	5	15	0	0.2543
3534	5	14	1	0.4867
3535	5	14	0	0.0278
3536	6	19	0	0.2023
3537	5	11	0	0.0000
3538	5	20	0	0.2102
3539	5	7	0	0.2678
3540	5	7	1	0.3405
3541	6	7	1	0.4594
3542	6	24	0	0.3450
3543	5	7	0	0.3601
3544	5	11	0	0.0000
3545	5	5	0	0.0811
3546	6	15	0	0.4610
3547	8	7	0	0.2934
3548	5	12	1	0.4859
3549	5	12	0	0.1615
3550	6	1	0	0.1367
3551	5	7	0	0.4883
3552	5	12	0	0.0000
3553	50	1	0	0.4595
3554	5	17	0	0.0087
3555	5	10	1	0.5249
3556	5	23	0	0.2109
3557	7	2	0	0.1992
3558	4	2	0	0.1206
3559	5	26	0	0.0673
3560	5	9	1	0.4962
3561	6	29	0	0.1681
3562	8	9	1	0.3459
3563	5	16	0	0.0200
3564	5	18	1	0.0303
3565	4	3	2	0.2390
3566	5	9	1	0.2928
3567	5	7	1	0.3756
3568	5	12	0	0.0271
3569	5	13	0	0.0252
3570	6	7	1	0.6194
3571	6	23	0	0.2060
3572	6	2	0	0.1082
3573	5	11	0	0.0269
3574	6	7	0	0.4043
3575	6	9	0	0.5271
3576	5	6	0	0.1196
3577	5	16	0	0.0000
3578	5	21	1	0.1979
3579	4	8	2	0.4877
3580	4	9	2	0.4556
3581	5	12	0	0.1773
3582	5	12	0	0.0000
3583	5	24	1	0.2740
3584	5	17	0	0.0347
3585	5	18	2	0.4519
3586	6	23	0	0.1602
3587	5	15	0	0.0292
3588	5	16	1	0.3560
3589	6	12	1	0.4563
3590	5	16	0	0.0000
3591	5	14	1	0.3795
3592	5	8	1	0.4349
3593	5	9	1	0.4488
3594	50	1	0	0.2541
3595	5	9	0	0.3574
3596	6	10	0	0.5208
3597	5	17	0	0.0000
3598	5	9	0	0.1801
3599	5	10	2	0.4774
3600	5	12	1	0.5468
3601	5	9	0	0.4540
3602	5	13	1	0.3733
3603	5	1	2	0.3292
3604	5	18	0	0.0332
3605	5	22	0	0.0550
3606	5	23	1	0.1482
3607	5	27	0	0.0282
3608	50	1	0	0.5943
3609	6	11	2	0.5063
3610	5	29	0	0.1217
3611	50	1	1	NaN
3612	5	14	0	0.0717
3613	5	21	0	0.2577
3614	5	12	0	0.0000
3615	5	15	0	0.0000
3616	5	17	0	0.4073
3617	5	12	0	0.3179
3618	5	13	1	0.3096
3619	5	22	0	0.1535
3620	5	8	1	0.3320
3621	5	8	0	0.3218
3622	20	10	0	0.4753
3623	5	14	0	0.3025
3624	5	26	1	0.1975
3625	5	28	0	0.2253
3626	5	10	1	0.3794
3627	5	13	0	0.0000
3628	6	9	1	0.5922
3629	4	8	1	0.4774
3630	50	3	2	0.3779
3631	5	4	0	0.2843
3632	5	13	0	0.0000
3633	6	10	0	0.2647
3634	5	11	1	0.0404
3635	50	0	1	NaN
3636	7	5	0	0.4153
3637	5	10	1	0.3286
3638	5	14	1	0.3810
3639	5	9	0	0.4369
3640	5	18	1	0.3680
3641	4	1	0	0.0381
3642	6	10	1	0.3438
3643	5	14	0	0.0000
3644	5	13	0	0.2085
3645	4	7	2	0.4287
3646	5	14	1	0.5827
3647	6	3	0	0.3450
3648	5	9	1	0.4441
3649	5	12	0	0.1686
3650	50	4	1	0.3138
3651	5	21	0	0.3030
3652	5	5	1	0.4238
3653	5	21	1	0.3939
3654	5	6	0	0.3913
3655	5	18	0	0.1825
3656	5	18	0	0.2621
3657	5	11	1	0.4474
3658	5	12	0	0.0427
3659	5	22	1	0.3624
3660	5	18	0	0.2036
3661	5	7	0	0.1631
3662	6	10	1	0.4667
3663	5	12	0	0.3198
3664	5	6	0	0.2942
3665	5	17	0	0.1914
3666	50	0	0	0.3249
3667	4	3	0	0.2637
3668	5	18	0	0.0000
3669	5	5	1	0.3664
3670	5	8	2	0.2530
3671	5	11	1	0.3962
3672	6	28	0	0.2300
3673	5	17	0	0.1868
3674	4	1	1	0.0823
3675	5	13	0	0.2504
3676	5	8	0	0.3293
3677	5	12	0	0.2726
3678	5	4	0	0.1007
3679	5	13	1	0.3134
3680	50	8	0	0.5003
3681	5	36	0	0.0000
3682	5	2	1	0.1910
3683	5	5	1	0.2826
3684	5	15	1	0.1683
3685	5	21	0	0.1460
3686	50	1	0	0.5736
3687	5	15	0	0.2708
3688	5	13	1	0.2919
3689	5	12	0	0.2799
3690	5	6	0	0.0678
3691	5	12	0	0.3221
3692	5	23	1	0.0267
3693	5	26	0	0.0000
3694	5	13	1	0.3673
3695	5	11	1	0.5162
3696	5	20	0	0.1496
3697	6	10	0	0.2719
3698	5	16	0	0.2225
3699	7	4	0	0.3685
3700	4	1	1	0.0800
3701	5	10	1	0.4664
3702	6	10	1	0.5467
3703	5	12	0	0.0000
3704	5	12	2	0.4207
3705	5	7	1	0.3220
3706	5	24	0	0.2131
3707	5	7	0	0.3364
3708	5	12	1	0.3285
3709	5	7	0	0.2407
3710	5	21	0	0.0305
3711	4	8	1	0.4204
3712	8	7	1	0.5414
3713	6	16	1	0.3908
3714	4	2	0	0.0978
3715	5	15	0	0.0116
3716	5	8	1	0.6063
3717	5	17	0	0.2882
3718	5	30	0	0.0434
3719	5	16	0	0.0515
3720	5	11	0	0.3347
3721	6	12	1	0.3672
3722	5	34	0	0.1705
3723	4	3	2	0.1620
3724	5	9	1	0.3917
3725	50	3	0	0.5655
3726	5	19	0	0.2054
3727	5	17	1	0.3751
3728	5	16	0	0.1646
3729	5	6	0	0.3972
3730	5	10	1	0.4331
3731	5	14	0	0.3112
3732	5	13	0	0.2867
3733	5	12	1	0.4282
3734	5	9	0	0.0243
3735	6	12	1	0.2841
3736	6	7	0	0.3261
3737	5	28	1	0.2502
3738	5	12	0	0.4568
3739	5	24	1	0.0738
3740	5	6	1	0.4358
3741	5	9	0	0.0188
3742	5	12	1	0.6032
3743	4	5	1	0.5383
3744	5	19	1	0.0263
3745	5	17	0	0.0000
3746	5	9	0	0.3100
3747	5	8	0	0.0389
3748	5	6	0	0.6511
3749	5	26	1	0.2731
3750	5	14	0	0.0000
3751	5	19	1	0.2670
3752	5	12	1	0.5488
3753	5	21	0	0.0216
3754	6	20	0	0.3581
3755	5	28	0	0.0205
3756	5	2	2	0.3033
3757	5	13	0	0.0000
3758	6	3	2	0.1741
3759	5	14	0	0.3139
3760	5	16	0	0.0193
3761	5	14	1	0.3459
3762	5	20	0	0.2114
3763	6	12	0	0.2505
3764	4	11	0	0.3988
3765	50	1	0	0.3617
3766	5	9	1	0.3937
3767	5	3	0	0.3828
3768	5	15	0	0.1969
3769	5	17	0	0.0000
3770	5	14	0	0.0000
3771	5	6	1	0.4236
3772	5	12	1	0.3726
3773	5	5	1	0.4337
3774	5	8	0	0.0247
3775	5	15	0	0.3320
3776	5	15	0	0.2977
3777	5	23	0	0.0000
3778	8	11	1	0.4143
3779	5	10	0	0.0511
3780	6	13	1	0.3952
3781	5	28	0	0.0195
3782	5	28	1	0.4023
3783	5	11	0	0.0000
3784	6	8	1	0.2936
3785	5	13	1	0.5554
3786	6	8	1	0.4033
3787	5	18	0	0.1434
3788	5	22	1	0.2296
3789	5	19	0	0.0235
3790	5	31	0	0.1882
3791	5	16	0	0.1997
3792	4	3	0	0.0212
3793	4	2	2	0.1341
3794	5	7	0	0.2735
3795	5	8	0	0.2624
3796	5	23	0	0.0000
3797	5	6	1	0.0785
3798	5	11	0	0.2049
3799	5	7	0	0.5295
3800	5	11	0	0.2755
3801	6	15	1	0.3938
3802	5	15	0	0.0000
3803	4	3	0	0.0297
3804	5	16	0	0.2144
3805	5	14	0	0.0000
3806	5	11	0	0.1724
3807	5	24	0	0.0477
3808	5	12	1	0.2381
3809	5	20	0	0.0000
3810	5	12	0	0.2104
3811	50	2	1	0.2719
3812	5	3	0	0.0993
3813	5	21	0	0.2552
3814	5	12	0	0.0000
3815	5	13	1	0.4951
3816	6	20	0	0.1973
3817	5	10	0	0.0000
3818	5	10	0	0.3405
3819	5	17	0	0.0673
3820	6	24	0	0.1790
3821	5	4	0	0.4463
3822	5	9	1	0.3768
3823	5	11	1	0.4255
3824	5	13	0	0.0000
3825	5	8	0	0.2791
3826	5	14	1	0.4275
3827	5	12	0	0.2027
3828	5	3	0	0.2055
3829	5	9	1	0.3691
3830	5	30	0	0.2184
3831	6	13	1	0.5448
3832	5	10	0	0.0000
3833	5	16	0	0.0180
3834	6	9	1	0.4081
3835	5	11	1	0.4951
3836	5	6	1	0.5866
3837	5	30	0	0.1411
3838	5	19	0	0.2146
3839	5	9	0	0.3898
3840	5	9	1	0.4869
3841	6	13	2	0.4423
3842	6	26	0	0.1425
3843	50	1	0	0.8269
3844	5	27	0	0.0468
3845	5	16	1	0.4020
3846	6	10	1	0.3108
3847	50	0	1	0.5271
3848	5	15	0	0.0309
3849	5	10	0	0.0913
3850	6	15	1	0.4921
3851	5	17	0	0.0000
3852	5	7	0	0.2118
3853	5	14	0	0.2298
3854	5	7	1	0.4593
3855	5	16	0	0.1368
3856	5	16	0	0.0000
3857	5	17	0	0.0000
3858	5	14	0	0.0000
3859	5	22	0	0.2500
3860	50	1	0	0.3408
3861	5	2	0	0.1103
3862	5	5	0	0.0435
3863	5	13	1	0.1758
3864	5	9	1	0.3650
3865	5	13	0	0.1152
3866	5	9	0	0.0248
3867	5	8	0	0.0000
3868	5	20	0	0.0000
3869	5	7	0	0.5339
3870	5	29	0	0.0222
3871	5	22	1	0.1128
3872	5	13	0	0.0000
3873	5	10	1	0.4142
3874	5	10	0	0.3585
3875	5	22	0	0.0489
3876	5	30	0	0.0260
3877	5	17	0	0.0000
3878	5	32	0	0.2354
3879	5	12	1	0.3024
3880	5	7	1	0.4230
3881	5	11	0	0.0000
3882	5	9	0	0.0358
3883	5	15	0	0.0000
3884	5	25	0	0.0275
3885	4	5	1	0.2584
3886	5	19	0	0.2354
3887	5	23	0	0.0239
3888	5	8	2	0.2663
3889	5	22	0	0.0240
3890	5	2	0	0.2110
3891	5	13	0	0.3876
3892	5	16	0	0.0242
3893	50	1	1	0.6930
3894	5	30	0	0.0411
3895	6	2	0	0.3590
3896	5	20	0	0.2593
3897	5	8	0	0.2172
3898	5	5	1	0.4377
3899	6	25	0	0.3678
3900	5	14	1	0.2155
3901	4	4	0	0.0961
3902	5	10	0	0.1263
3903	5	3	0	0.2444
3904	5	20	0	0.2184
3905	5	9	0	0.0000
3906	5	2	0	0.1126
3907	5	26	0	0.0000
3908	6	11	0	0.3652
3909	5	16	0	0.0000
3910	6	10	1	0.5083
3911	5	7	2	0.4219
3912	5	10	0	0.0574
3913	5	1	0	0.2106
3914	6	23	0	0.3537
3915	5	10	1	0.4363
3916	5	11	0	0.0000
3917	5	7	1	0.5078
3918	5	21	1	0.3328
3919	4	2	0	0.2235
3920	5	20	2	0.0543
3921	5	9	1	0.5739
3922	5	14	1	0.3715
3923	5	16	0	0.0604
3924	5	1	3	0.3974
3925	6	13	0	0.4036
3926	7	8	2	0.4225
3927	5	8	1	0.4905
3928	5	17	1	0.4373
3929	5	14	1	0.2851
3930	4	6	0	0.5405
3931	5	18	0	0.0000
3932	5	12	1	0.0450
3933	6	6	0	0.4358
3934	5	17	1	0.3152
3935	6	30	0	0.1571
3936	5	14	1	0.5068
3937	5	10	1	0.4432
3938	5	18	0	0.0205
3939	5	19	0	0.0000
3940	5	11	0	0.2018
3941	5	32	0	0.0000
3942	5	11	1	0.4374
3943	5	10	0	0.0350
3944	5	15	0	0.0000
3945	5	10	1	0.4245
3946	5	9	0	0.1974
3947	5	9	1	0.4826
3948	50	1	0	0.5736
3949	5	15	0	0.2708
3950	5	11	0	0.1691
3951	6	9	1	0.4041
3952	5	22	0	0.2474
3953	4	2	1	0.2834
3954	5	16	0	0.0000
3955	5	22	0	0.0510
3956	5	14	0	0.3798
3957	5	13	1	0.3954
3958	5	2	0	0.1234
3959	5	15	0	0.0233
3960	5	7	0	0.3019
3961	5	18	0	0.0000
3962	5	19	0	0.0000
3963	5	10	0	0.0000
3964	5	7	1	0.3878
3965	5	8	1	0.3807
3966	5	12	2	0.4207
3967	12	0	1	NaN
3968	5	3	1	0.1762
3969	5	4	0	0.4434
3970	5	23	0	0.0251
3971	5	14	1	0.3054
3972	5	7	0	0.0282
3973	5	13	0	0.0000
3974	5	20	1	0.4243
3975	5	12	1	0.4340
3976	2	3	1	0.0767
3977	5	7	0	0.2988
3978	5	15	2	0.5012
3979	5	11	1	0.4337
3980	5	14	0	0.0000
3981	5	0	1	0.4699
3982	5	9	2	0.4521
3983	5	19	0	0.0000
3984	5	14	0	0.3414
3985	5	18	0	0.0000
3986	5	13	0	0.1481
3987	5	22	0	0.3091
3988	5	6	1	0.1545
3989	5	18	0	0.0561
3990	5	16	2	0.4097
3991	5	14	1	0.4772
3992	5	24	0	0.1594
3993	5	11	0	0.2147
3994	5	8	1	0.2109
3995	5	13	0	0.0305
3996	5	9	0	0.0000
3997	5	21	0	0.0000
3998	5	7	0	0.2291
3999	7	10	0	0.3442
4000	50	0	0	NaN
4001	5	9	1	0.4248
4002	5	16	0	0.1739
4003	4	11	1	0.0545
4004	6	31	0	0.1456
4005	5	12	1	0.5437
4006	5	1	2	0.5081
4007	5	6	1	0.5160
4008	5	16	0	0.1511
4009	5	15	0	0.0194
4010	5	11	0	0.1439
4011	4	1	0	0.0910
4012	5	10	0	0.2244
4013	5	6	1	0.5365
4014	5	5	1	0.1865
4015	50	1	0	0.1770
4016	5	18	0	0.1660
4017	5	21	0	0.0260
4018	5	20	0	0.0000
4019	5	14	0	0.0000
4020	4	3	1	0.2871
4021	5	5	0	0.0501
4022	5	16	0	0.0193
4023	5	12	0	0.1244
4024	5	28	0	0.1846
4025	5	16	0	0.0181
4026	5	19	1	0.0242
4027	6	12	0	0.3543
4028	5	12	0	0.0000
4029	5	13	0	0.3727
4030	5	9	0	0.2625
4031	5	18	0	0.1749
4032	5	17	0	0.0000
4033	5	12	0	0.0674
4034	5	16	1	0.3365
4035	4	5	0	0.4318
4036	5	9	1	0.0304
4037	5	16	1	0.1210
4038	5	11	0	0.0350
4039	5	18	0	0.2436
4040	5	12	0	0.0304
4041	5	14	0	0.2268
4042	5	14	1	0.4372
4043	12	8	0	0.5139
4044	5	13	1	0.4448
4045	6	6	0	0.1840
4046	5	11	1	0.4259
4047	50	1	1	0.3256
4048	5	8	0	0.5548
4049	5	6	0	0.2641
4050	5	12	0	0.0000
4051	5	10	0	0.1923
4052	6	16	1	0.3547
4053	7	8	1	0.1220
4054	5	10	0	0.4068
4055	5	16	1	0.2303
4056	5	14	1	0.4181
4057	5	17	0	0.3640
4058	5	1	0	0.0967
4059	5	26	0	0.2479
4060	6	17	1	0.2591
4061	6	17	0	0.1418
4062	7	5	0	0.3746
4063	6	15	1	0.3938
4064	5	15	0	0.0000
4065	8	12	1	0.4408
4066	5	20	1	0.3852
4067	5	12	1	0.3803
4068	5	13	0	0.0000
4069	5	7	1	0.5297
4070	6	3	2	0.1981
4071	5	18	0	0.0000
4072	5	8	0	0.3824
4073	5	27	0	0.0000
4074	5	13	0	0.0000
4075	5	10	1	0.3916
4076	5	8	1	0.3143
4077	5	7	1	0.5226
4078	5	11	1	0.5302
4079	5	25	0	0.1844
4080	5	20	1	0.2168
4081	6	17	0	0.1276
4082	5	17	0	0.3068
4083	5	23	0	0.0368
4084	5	18	2	0.4585
4085	5	19	0	0.2156
4086	5	14	0	0.2198
4087	5	22	0	0.0161
4088	5	16	2	0.4351
4089	5	22	0	0.1803
4090	5	30	0	0.2069
4091	5	43	0	0.0330
4092	6	5	1	0.4595
4093	5	14	0	0.0000
4094	5	7	1	0.4818
4095	5	18	0	0.0000
4096	5	33	0	0.0122
4097	5	12	1	0.3235
4098	5	13	0	0.0000
4099	5	11	0	0.0000
4100	5	11	1	0.4688
4101	5	32	0	0.1785
4102	5	11	0	0.3465
4103	5	15	1	0.3266
4104	5	5	2	0.5101
4105	6	21	0	0.1965
4106	5	10	0	0.0000
4107	4	2	0	0.0903
4108	5	20	0	0.1611
4109	5	15	1	0.2807
4110	5	12	1	0.4072
4111	5	13	0	0.4775
4112	5	5	2	0.3828
4113	50	10	2	0.4751
4114	6	24	0	0.2078
4115	5	13	1	0.4305
4116	6	15	0	0.3366
4117	6	32	0	0.1409
4118	5	19	0	0.2354
4119	5	32	0	0.2382
4120	8	10	1	0.4936
4121	5	17	0	0.3893
4122	5	20	0	0.0181
4123	5	14	0	0.0128
4124	5	11	2	0.3902
4125	5	18	0	0.0000
4126	5	14	0	0.2401
4127	5	8	2	0.4212
4128	5	32	0	0.0000
4129	5	12	1	0.5593
4130	5	12	0	0.2809
4131	50	4	0	0.6057
4132	6	16	0	0.3499
4133	5	3	0	0.1343
4134	4	1	0	0.1133
4135	50	4	0	0.5186
4136	5	35	0	0.0786
4137	5	12	0	0.0000
4138	5	19	0	0.0198
4139	6	19	1	0.3600
4140	5	10	1	0.2644
4141	6	10	0	0.2114
4142	5	15	0	0.2769
4143	6	13	1	0.4627
4144	5	11	0	0.0568
4145	5	3	1	0.4300
4146	5	22	1	0.2039
4147	5	8	0	0.1966
4148	5	12	0	0.1773
4149	5	12	0	0.0000
4150	6	1	1	0.4055
4151	5	17	0	0.0347
4152	5	20	0	0.0000
4153	5	8	0	0.3618
4154	7	13	1	0.5011
4155	6	22	0	0.1555
4156	5	15	1	0.4695
4157	4	2	0	0.0743
4158	5	19	0	0.0000
4159	6	6	0	0.2451
4160	5	4	1	0.3829
4161	5	12	0	0.4369
4162	5	30	0	0.1498
4163	20	0	1	0.0780
4164	5	31	0	0.0000
4165	5	4	3	0.2705
4166	7	3	0	0.1111
4167	5	13	0	0.2981
4168	5	18	0	0.0000
4169	5	11	0	0.4504
4170	6	20	0	0.1417
4171	5	14	0	0.0000
4172	5	22	0	0.2051
4173	6	7	0	0.3449
4174	5	12	1	0.4124
4175	5	17	0	0.4123
4176	5	18	1	0.3270
4177	5	10	0	0.3438
4178	5	24	0	0.0345
4179	5	17	0	0.2881
4180	6	12	1	0.5047
4181	5	20	0	0.0479
4182	5	23	0	0.2073
4183	5	22	0	0.0000
4184	5	28	0	0.0843
4185	5	40	0	0.0765
4186	5	7	0	0.3159
4187	5	14	0	0.0000
4188	5	25	0	0.1138
4189	50	0	0	NaN
4190	6	17	0	0.1690
4191	5	12	1	0.3942
4192	5	27	0	0.2067
4193	6	6	2	0.3580
4194	5	12	0	0.0000
4195	5	13	0	0.3398
4196	5	8	2	0.4684
4197	5	1	0	0.1452
4198	5	7	0	0.0308
4199	5	7	0	0.2827
4200	5	32	0	0.0226
4201	5	6	0	0.1380
4202	5	11	1	0.2874
4203	5	23	0	0.0000
4204	5	16	0	0.3687
4205	5	7	1	0.1388
4206	4	9	1	0.4884
4207	5	5	2	0.0805
4208	5	21	0	0.0284
4209	5	6	0	0.2092
4210	5	8	1	0.4420
4211	5	4	1	0.4201
4212	5	18	1	0.2220
4213	6	15	1	0.4326
4214	5	16	0	0.0000
4215	5	12	1	0.5106
4216	5	10	0	0.0804
4217	5	1	2	0.2437
4218	5	2	2	0.3589
4219	5	18	0	0.0410
4220	6	21	0	0.2845
4221	5	19	0	0.0000
4222	6	16	0	0.3666
4223	6	16	0	0.1972
4224	6	22	0	0.2401
4225	6	24	0	0.3142
4226	5	14	1	0.4713
4227	5	32	0	0.2354
4228	6	9	1	0.5649
4229	5	7	1	0.5171
4230	5	24	0	0.0000
4231	7	7	1	0.3976
4232	5	7	0	0.0717
4233	5	21	0	0.0216
4234	5	12	0	0.0000
4235	4	2	2	0.1126
4236	6	21	0	0.1898
4237	5	13	0	0.2595
4238	2	3	1	0.0767
4239	5	27	0	0.0000
4240	5	15	2	0.5012
4241	5	25	0	0.0000
4242	5	19	0	0.0000
4243	6	9	1	0.4933
4244	5	7	1	0.4361
4245	5	12	1	0.5359
4246	5	11	0	0.2248
4247	5	13	0	0.3054
4248	5	17	0	0.0783
4249	6	22	1	0.3438
4250	5	14	0	0.0000
4251	5	19	0	0.0000
4252	5	9	0	0.1827
4253	50	0	0	NaN
4254	5	21	0	0.2377
4255	4	4	0	0.1191
4256	5	13	0	0.2239
4257	5	12	0	0.0000
4258	5	9	1	0.2232
4259	6	9	1	0.5313
4260	5	14	1	0.4977
4261	5	21	0	0.0000
4262	5	8	2	0.6047
4263	5	23	0	0.2115
4264	5	26	0	0.2156
4265	5	14	0	0.0496
4266	5	11	0	0.3890
4267	5	21	0	0.3458
4268	5	15	0	0.2946
4269	5	32	0	0.0000
4270	5	31	0	0.0443
4271	5	19	0	0.1925
4272	5	8	0	0.2559
4273	5	11	0	0.0312
4274	5	12	0	0.2051
4275	5	19	0	0.0000
4276	5	7	1	0.0682
4277	6	19	1	0.2189
4278	5	19	2	0.4452
4279	5	12	0	0.0755
4280	5	11	2	0.4742
4281	6	7	1	0.5356
4282	5	15	0	0.0000
4283	5	20	0	0.1532
4284	5	9	1	0.5013
4285	5	24	0	0.2319
4286	5	15	1	0.4525
4287	5	15	0	0.0000
4288	5	13	0	0.1562
4289	5	6	1	0.5798
4290	5	18	0	0.0000
4291	5	19	0	0.0000
4292	5	8	0	0.0552
4293	5	8	1	0.4843
4294	5	13	0	0.3606
4295	6	22	0	0.3562
4296	5	16	0	0.0000
4297	5	8	1	0.3325
4298	5	11	0	0.0000
4299	5	11	0	0.0145
4300	5	18	2	0.3677
4301	5	16	0	0.3126
4302	5	20	0	0.0000
4303	5	20	0	0.2094
4304	5	11	1	0.3500
4305	5	11	0	0.2056
4306	5	13	1	0.4006
4307	5	6	2	0.4752
4308	5	11	0	0.0000
4309	5	13	1	0.3993
4310	5	13	1	0.5999
4311	5	8	0	0.3822
4312	6	21	1	0.3932
4313	5	6	0	0.1796
4314	7	2	0	0.2601
4315	5	8	1	0.3269
4316	6	14	1	0.4579
4317	5	27	0	0.0000
4318	6	20	0	0.1610
4319	5	16	0	0.1872
4320	5	0	5	NaN
4321	5	14	0	0.1980
4322	5	17	1	0.4241
4323	2	1	0	0.0675
4324	6	22	0	0.0000
4325	5	6	1	0.4807
4326	5	5	0	0.0501
4327	5	11	1	0.3288
4328	5	22	0	0.0000
4329	5	14	0	0.0000
4330	5	16	2	0.4441
4331	5	18	0	0.0000
4332	5	9	0	0.3247
4333	5	6	0	0.1749
4334	5	15	0	0.0263
4335	5	21	0	0.0238
4336	5	24	0	0.3194
4337	5	22	1	0.3771
4338	5	12	0	0.0198
4339	5	7	1	0.4174
4340	5	16	0	0.0000
4341	5	6	1	0.0514
4342	5	9	1	0.3361
4343	5	20	0	0.2208
4344	5	24	1	0.3285
4345	5	17	0	0.1909
4346	6	10	2	0.4259
4347	5	14	0	0.0000
4348	5	24	0	0.1365
4349	5	31	0	0.0182
4350	5	18	0	0.0000
4351	5	13	1	0.5343
4352	5	15	0	0.0160
4353	5	6	0	0.4537
4354	5	12	0	0.0000
4355	5	7	2	0.4732
4356	5	16	1	0.4661
4357	5	19	1	0.4426
4358	5	6	0	0.1325
4359	5	8	1	0.0758
4360	4	3	1	0.0156
4361	5	8	0	0.2530
4362	5	9	0	0.3737
4363	5	25	0	0.0000
4364	5	13	0	0.2730
4365	5	12	0	0.0199
4366	2	1	2	0.2875
4367	6	17	0	0.2096
4368	5	5	0	0.0690
4369	5	6	0	0.3319
4370	5	13	0	0.1771
4371	5	18	1	0.0831
4372	6	14	1	0.3500
4373	5	27	0	0.0179
4374	50	1	2	0.4329
4375	5	17	2	0.1323
4376	5	6	0	0.0500
4377	5	23	0	0.1591
4378	5	6	1	0.3166
4379	5	34	0	0.0285
4380	4	4	1	0.2476
4381	5	8	1	0.4709
4382	5	28	1	0.2898
4383	5	2	1	0.2111
4384	50	0	0	0.6119
4385	5	8	0	0.3605
4386	5	17	0	0.0000
4387	5	17	0	0.2946
4388	5	16	0	0.0180
4389	6	29	0	0.1504
4390	5	15	0	0.0180
4391	5	13	1	0.4211
4392	5	13	1	0.3673
4393	5	13	0	0.0801
4394	6	8	0	0.4062
4395	5	9	1	0.5265
4396	5	25	2	0.4489
4397	5	16	1	0.4745
4398	5	6	0	0.1446
4399	5	17	0	0.2773
4400	5	9	0	0.0000
4401	6	22	0	0.1352
4402	5	13	2	0.2795
4403	5	1	0	0.1319
4404	5	15	0	0.0000
4405	5	6	0	0.1672
4406	5	7	0	0.1829
4407	5	10	1	0.4479
4408	5	23	0	0.3426
4409	5	37	0	0.0000
4410	50	1	3	NaN
4411	4	6	1	0.4678
4412	5	16	0	0.0289
4413	5	8	1	0.1205
4414	5	9	0	0.4044
4415	6	24	1	0.3428
4416	5	17	0	0.0000
4417	5	14	0	0.1986
4418	4	5	1	0.5517
4419	50	0	0	NaN
4420	50	0	0	NaN
4421	5	22	0	0.0000
4422	5	9	0	0.0575
4423	5	14	0	0.0000
4424	5	5	1	0.1129
4425	6	6	1	0.1208
4426	5	15	0	0.0748
4427	5	9	0	0.0637
4428	5	8	0	0.0247
4429	6	11	1	0.4896
4430	5	11	1	0.3832
4431	5	8	0	0.4748
4432	5	11	1	0.3686
4433	5	24	0	0.0789
4434	5	11	0	0.2594
4435	4	8	1	0.4012
4436	5	14	0	0.3672
4437	6	23	0	0.3537
4438	6	17	1	0.4114
4439	6	19	1	0.3423
4440	5	4	0	0.2012
4441	5	12	0	0.2975
4442	5	15	1	0.3697
4443	5	8	1	0.4728
4444	5	13	0	0.0000
4445	5	14	0	0.2920
4446	5	11	1	0.3034
4447	5	7	1	0.3815
4448	5	15	0	0.0281
4449	5	14	2	0.5094
4450	5	5	1	0.4720
4451	5	16	0	0.1484
4452	6	3	0	0.3645
4453	6	9	1	0.5394
4454	5	23	0	0.2812
4455	6	11	1	0.3124
4456	5	7	2	0.5646
4457	5	13	0	0.2390
4458	4	10	2	0.5042
4459	5	11	1	0.3413
4460	6	13	1	0.5117
4461	5	15	0	0.0271
4462	5	18	0	0.0000
4463	5	10	0	0.0000
4464	5	15	1	0.4532
4465	5	14	0	0.0243
4466	5	17	0	0.0000
4467	5	14	0	0.1257
4468	5	14	1	0.4008
4469	5	19	0	0.0000
4470	6	1	0	0.0832
4471	5	13	1	0.1293
4472	5	15	0	0.2708
4473	5	13	1	0.2919
4474	5	8	1	0.5687
4475	5	7	0	0.4909
4476	5	11	1	0.5301
4477	6	31	0	0.1623
4478	5	13	0	0.1817
4479	5	15	1	0.2452
4480	5	11	0	0.0177
4481	50	1	0	0.3367
4482	5	13	0	0.3605
4483	6	20	0	0.1723
4484	5	18	0	0.0000
4485	5	5	0	0.4278
4486	5	10	1	0.4234
4487	5	22	0	0.1954
4488	5	24	0	0.2714
4489	5	13	0	0.1772
4490	5	8	1	0.4851
4491	5	13	0	0.0000
4492	5	16	0	0.0228
4493	5	21	0	0.1628
4494	20	10	0	0.4753
4495	5	7	1	0.4039
4496	5	26	1	0.1975
4497	5	20	0	0.0000
4498	5	6	2	0.5171
4499	5	12	1	0.3974
4500	5	7	0	0.2906
4501	5	17	0	0.0170
4502	5	7	0	0.5002
4503	20	25	1	0.4976
4504	4	1	5	0.3738
4505	9	4	1	0.2584
4506	5	17	1	0.4461
4507	4	3	0	0.0954
4508	5	19	1	0.3977
4509	5	26	0	0.0598
4510	5	14	1	0.4547
4511	5	8	1	0.4029
4512	5	14	2	0.4780
4513	5	10	0	0.2170
4514	5	7	0	0.0870
4515	5	12	0	0.4874
4516	5	13	0	0.2191
4517	5	6	0	0.3949
4518	5	18	0	0.0518
4519	5	9	1	0.2232
4520	5	20	0	0.2262
4521	5	15	0	0.0000
4522	5	19	0	0.2361
4523	5	16	0	0.0000
4524	5	12	0	0.0148
4525	5	17	0	0.1222
4526	5	18	0	0.2177
4527	5	9	2	0.3783
4528	5	13	0	0.0000
4529	5	8	0	0.2046
4530	5	27	1	0.3337
4531	5	16	0	0.3145
4532	20	7	0	0.5846
4533	5	17	0	0.1255
4534	7	7	1	0.5753
4535	5	8	1	0.4105
4536	5	11	0	0.2934
4537	5	14	0	0.0000
4538	5	21	0	0.0000
4539	5	15	1	0.1083
4540	5	14	1	0.2795
4541	4	6	0	0.1426
4542	5	26	0	0.0531
4543	5	9	0	0.4792
4544	5	6	0	0.4147
4545	6	10	0	0.3974
4546	5	6	0	0.0537
4547	5	34	0	0.0370
4548	6	12	1	0.5407
4549	5	18	1	0.4016
4550	5	20	0	0.2593
4551	50	1	1	NaN
4552	6	14	0	0.3476
4553	5	12	0	0.0179
4554	5	11	0	0.2796
4555	4	4	0	0.0235
4556	5	8	0	0.0686
4557	5	16	0	0.0000
4558	5	20	0	0.2171
4559	5	16	0	0.2673
4560	5	6	1	0.4081
4561	6	8	0	0.3130
4562	6	16	0	0.3233
4563	5	22	1	0.2297
4564	5	17	0	0.0000
4565	5	11	1	0.3730
4566	5	15	1	0.3674
4567	8	7	0	0.3134
4568	5	13	0	0.0217
4569	6	15	0	0.3345
4570	5	10	1	0.4410
4571	5	9	1	0.3347
4572	5	11	0	0.4196
4573	5	12	2	0.3052
4574	5	18	0	0.2753
4575	5	10	0	0.3750
4576	5	23	0	0.2426
4577	10	13	1	0.4729
4578	5	4	2	0.3350
4579	5	15	0	0.2552
4580	5	9	1	0.3296
4581	5	12	0	0.0267
4582	5	0	2	0.5728
4583	5	18	1	0.2853
4584	5	10	1	0.2404
4585	4	1	1	0.1138
4586	5	13	2	0.4501
4587	5	14	2	0.5200
4588	5	12	0	0.3504
4589	5	8	0	0.0921
4590	6	13	0	0.3124
4591	5	24	0	0.0000
4592	5	16	0	0.2317
4593	6	3	0	0.3457
4594	5	16	0	0.3208
4595	5	5	2	0.2296
4596	5	12	2	0.3343
4597	5	34	0	0.0285
4598	4	6	0	0.0000
4599	5	7	2	0.4509
4600	5	13	0	0.1903
4601	5	14	0	0.0000
4602	5	19	1	0.2676
4603	7	6	1	0.5480
4604	5	16	0	0.0000
4605	50	2	0	0.2097
4606	5	17	0	0.0000
4607	5	13	0	0.1530
4608	50	0	1	NaN
4609	5	7	1	0.3630
4610	5	14	0	0.2013
4611	5	9	2	0.3605
4612	17	9	0	0.5463
4613	5	11	0	0.1329
4614	5	18	1	0.3092
4615	6	15	0	0.1749
4616	5	20	0	0.0000
4617	5	13	1	0.4820
4618	5	10	1	0.2151
4619	5	14	0	0.0168
4620	5	16	0	0.3804
4621	5	20	0	0.0344
4622	5	6	0	0.2423
4623	5	13	0	0.3843
4624	5	12	1	0.5488
4625	4	5	1	0.6688
4626	5	16	0	0.3398
4627	4	2	2	0.1126
4628	5	11	1	0.4069
4629	5	8	1	0.3959
4630	6	6	0	0.4105
4631	5	5	1	0.4694
4632	50	0	0	NaN
4633	5	6	0	0.5016
4634	5	15	0	0.0000
4635	5	14	1	0.4064
4636	5	5	0	0.1322
4637	5	8	1	0.4910
4638	5	15	0	0.0000
4639	6	6	1	0.3631
4640	5	14	1	0.4869
4641	5	17	0	0.0000
4642	5	18	0	0.0353
4643	5	12	0	0.0198
4644	5	14	0	0.0284
4645	5	22	0	0.0000
4646	5	25	1	0.3449
4647	5	20	0	0.1582
4648	5	10	0	0.2967
4649	5	14	1	0.5827
4650	5	8	1	0.4466
4651	5	16	0	0.2897
4652	5	8	1	0.2384
4653	5	13	0	0.0000
4654	5	10	0	0.2524
4655	5	14	0	0.0246
4656	5	13	0	0.1909
4657	5	19	0	0.0000
4658	5	13	1	0.3671
4659	5	12	0	0.3043
4660	50	3	0	0.4464
4661	7	16	0	0.3315
4662	5	9	1	0.3581
4663	5	15	0	0.0915
4664	5	9	0	0.3628
4665	4	7	1	0.0770
4666	5	25	0	0.2528
4667	5	12	1	0.2989
4668	5	23	1	0.0477
4669	5	15	0	0.3231
4670	5	24	1	0.3898
4671	5	8	0	0.2892
4672	5	10	2	0.4363
4673	5	16	0	0.0000
4674	5	14	0	0.0642
4675	5	8	2	0.4684
4676	5	4	1	0.4447
4677	5	27	0	0.3148
4678	4	5	0	0.0153
4679	5	22	1	0.3328
4680	5	20	0	0.1882
4681	5	19	1	0.4139
4682	5	14	1	0.4799
4683	5	16	0	0.1227
4684	5	17	0	0.4217
4685	5	3	0	0.0342
4686	5	8	1	0.3143
4687	8	8	0	0.5601
4688	5	7	1	0.4105
4689	5	14	1	0.3676
4690	5	9	2	0.4454
4691	4	6	0	0.0000
4692	5	11	0	0.2534
4693	5	8	0	0.2809
4694	5	5	0	0.5004
4695	5	18	0	0.0247
4696	5	13	0	0.1817
4697	8	7	1	0.3996
4698	5	17	0	0.2583
4699	7	6	0	0.4091
4700	6	29	0	0.1966
4701	5	17	1	0.2212
4702	5	17	1	0.2024
4703	5	13	0	0.1850
4704	5	18	0	0.0776
4705	5	12	1	0.3509
4706	5	10	1	0.5530
4707	5	22	0	0.0496
4708	5	17	0	0.0000
4709	5	11	1	0.4858
4710	5	13	2	0.4788
4711	5	15	0	0.0000
4712	5	23	0	0.0976
4713	6	3	0	0.3645
4714	6	9	1	0.5394
4715	5	23	0	0.2812
4716	5	11	1	0.3986
4717	5	15	0	0.3642
4718	5	8	1	0.6747
4719	5	8	1	0.1526
4720	5	7	1	0.4972
4721	50	0	0	0.3249
4722	5	22	0	0.0294
4723	5	7	0	0.3709
4724	5	4	1	0.4314
4725	5	19	1	0.3176
4726	5	12	1	0.3275
4727	5	12	0	0.4369
4728	5	30	0	0.1498
4729	50	8	1	0.2482
4730	5	10	0	0.4204
4731	5	20	0	0.1366
4732	6	8	0	0.5186
4733	5	23	0	0.2109
4734	5	11	2	0.3902
4735	6	27	0	0.2084
4736	5	9	2	0.2814
4737	5	14	0	0.1351
4738	5	27	0	0.0000
4739	5	21	0	0.0000
4740	5	21	0	0.0000
4741	5	29	0	0.2012
4742	5	8	1	0.0627
4743	5	11	1	0.4493
4744	5	14	0	0.0496
4745	5	18	0	0.3738
4746	5	17	0	0.0198
4747	5	14	2	0.3425
4748	5	18	0	0.0000
4749	5	23	1	0.3410
4750	6	16	1	0.4007
4751	6	19	0	0.3411
4752	6	13	1	0.3902
4753	5	23	0	0.2311
4754	4	6	1	0.6181
4755	5	13	0	0.0000
4756	5	9	0	0.1434
4757	5	15	0	0.1952
4758	50	0	0	0.4284
4759	6	5	1	0.4410
4760	5	9	0	0.0000
4761	5	15	0	0.0000
4762	5	26	0	0.2252
4763	5	13	0	0.3789
4764	5	10	0	0.2480
4765	5	21	0	0.1705
4766	6	6	0	0.2206
4767	5	20	0	0.0000
4768	6	26	0	0.1770
4769	5	7	1	0.4593
4770	5	26	0	0.2258
4771	5	10	1	0.6171
4772	5	17	0	0.0000
4773	8	9	1	0.4007
4774	5	13	0	0.0000
4775	5	6	1	0.3495
4776	5	12	0	0.0148
4777	6	16	0	0.2083
4778	5	15	0	0.0000
4779	5	12	1	0.4282
4780	5	13	0	0.1152
4781	6	11	1	0.4636
4782	4	6	1	0.2947
4783	6	17	0	0.2291
4784	6	11	0	0.4112
4785	5	4	0	0.0714
4786	5	15	0	0.2960
4787	5	15	2	0.1389
4788	5	9	0	0.1099
4789	5	11	0	0.2209
4790	5	6	0	0.4068
4791	5	16	0	0.0253
4792	5	17	0	0.0000
4793	6	7	1	0.4464
4794	5	6	0	0.6511
4795	5	9	1	0.4487
4796	6	17	0	0.1812
4797	4	12	1	0.3682
4798	6	24	0	0.2319
4799	6	10	0	0.4822
4800	5	36	0	0.2689
4801	5	21	0	0.1671
4802	5	28	0	0.1781
4803	5	22	1	0.1710
4804	6	4	1	0.0851
4805	5	15	1	0.2835
4806	5	2	0	0.1065
4807	5	8	0	0.3350
4808	5	17	1	0.4462
4809	5	9	1	0.3404
4810	5	3	0	0.1184
4811	5	15	1	0.3834
4812	5	16	0	0.1942
4813	5	34	0	0.0190
4814	6	10	0	0.4830
4815	4	7	2	0.5795
4816	5	17	0	0.3573
4817	5	13	0	0.3483
4818	5	12	0	0.2374
4819	5	25	0	0.0000
4820	5	16	0	0.0000
4821	6	16	0	0.2618
4822	5	10	0	0.4572
4823	6	16	0	0.1787
4824	6	13	0	0.1922
4825	6	19	0	0.1689
4826	5	17	2	0.5128
4827	5	3	0	0.6077
4828	5	17	0	0.2065
4829	5	30	0	0.0274
4830	5	13	1	0.1740
4831	5	9	1	0.5057
4832	5	12	0	0.0000
4833	5	12	0	0.3640
4834	5	13	0	0.0000
4835	5	11	1	0.5083
4836	5	11	0	0.0287
4837	5	10	1	0.4482
4838	6	8	2	0.4040
4839	5	26	0	0.0331
4840	5	28	0	0.0000
4841	5	7	1	0.4434
4842	5	11	1	0.4640
4843	4	7	0	0.2996
4844	5	10	1	0.4596
4845	5	12	0	0.1490
4846	5	13	1	0.2375
4847	5	10	1	0.0797
4848	5	5	1	0.5152
4849	5	10	1	0.4831
4850	9	7	1	0.4089
4851	7	6	3	0.2908
4852	4	2	1	0.0884
4853	5	23	0	0.0893
4854	5	9	0	0.3247
4855	5	6	0	0.1749
4856	5	29	0	0.0000
4857	5	21	0	0.0238
4858	5	14	0	0.2686
4859	5	7	1	0.4999
4860	6	19	0	0.1550
4861	5	7	0	0.1673
4862	5	18	0	0.0253
4863	50	3	0	0.5855
4864	5	14	2	0.5307
4865	5	16	0	0.0000
4866	5	1	0	0.1297
4867	8	6	0	0.3876
4868	5	7	0	0.2722
4869	5	17	0	0.0000
4870	6	19	1	0.4103
4871	5	15	0	0.1877
4872	6	2	3	0.5806
4873	17	9	0	0.5463
4874	6	4	0	0.3540
4875	5	10	1	0.3145
4876	4	4	1	0.3855
4877	5	16	1	0.3815
4878	5	12	0	0.3606
4879	5	10	1	0.2151
4880	5	19	0	0.1623
4881	5	16	0	0.3804
4882	5	18	0	0.0000
4883	5	12	1	0.6295
4884	5	13	0	0.1848
4885	5	17	0	0.0000
4886	6	5	1	0.2376
4887	6	18	1	0.3327
4888	5	8	0	0.4436
4889	5	29	0	0.2224
4890	5	37	0	0.0000
4891	5	7	0	0.1222
4892	6	4	2	0.1739
4893	4	5	0	0.0000
4894	5	13	0	0.2083
4895	5	8	1	0.3899
4896	5	16	0	0.2358
4897	6	10	0	0.2431
4898	5	20	0	0.0000
4899	5	12	0	0.2104
4900	8	7	1	0.5301
4901	50	1	1	0.3892
4902	5	15	0	0.0000
4903	5	17	0	0.3573
4904	6	20	1	0.3579
4905	50	4	0	0.6000
4906	5	9	1	0.3929
4907	5	9	2	0.4660
4908	6	19	1	0.3249
4909	5	25	1	0.2712
4910	5	14	0	0.2612
4911	6	10	0	0.5072
4912	4	8	2	0.4641
4913	5	19	0	0.3128
4914	50	1	0	NaN
4915	5	14	0	0.0563
4916	5	25	0	0.0000
4917	5	20	0	0.2959
4918	4	15	3	0.0737
4919	5	15	0	0.0832
4920	4	8	1	0.4797
4921	5	8	0	0.4954
4922	5	19	0	0.0848
4923	5	10	0	0.3750
4924	5	10	1	0.4482
4925	50	7	0	0.4013
4926	6	7	0	0.0857
4927	4	3	1	0.2289
4928	5	7	0	0.0185
4929	5	9	0	0.0198
4930	5	1	3	0.3623
4931	5	25	0	0.0347
4932	5	11	0	0.0292
4933	5	15	1	0.3053
4934	5	14	0	0.2731
4935	50	1	0	0.5754
4936	5	25	0	0.0000
4937	5	10	0	0.4063
4938	5	12	1	0.1900
4939	5	23	1	0.3248
4940	5	28	0	0.0000
4941	6	22	0	0.2092
4942	5	19	0	0.1205
4943	5	0	1	0.0997
4944	5	17	0	0.0000
4945	5	8	1	0.4415
4946	5	13	1	0.2506
4947	5	11	0	0.0000
4948	6	16	0	0.4313
4949	5	27	0	0.0538
4950	5	4	0	0.2118
4951	5	14	2	0.2157
4952	5	8	0	0.1151
4953	5	14	0	0.1398
4954	6	19	0	0.2343
4955	6	12	1	0.2841
4956	5	4	0	0.0886
4957	5	7	1	0.3630
4958	5	15	0	0.0000
4959	5	12	1	0.4427
4960	5	5	0	0.3290
4961	6	4	0	0.3540
4962	5	3	0	0.2729
4963	5	28	0	0.1405
4964	5	11	1	0.0875
4965	6	8	0	0.5130
4966	5	14	0	0.1102
4967	5	8	0	0.0389
4968	50	3	0	0.3447
4969	5	26	1	0.2731
4970	4	4	1	0.4806
4971	5	21	1	0.4216
4972	5	9	1	0.3488
4973	5	5	2	0.3207
4974	5	10	1	0.4295
4975	5	17	0	0.1765
4976	5	7	0	0.2688
4977	5	17	0	0.0000
4978	5	7	0	0.2659
4979	6	12	1	0.5273
4980	5	19	1	0.4670
4981	5	34	0	0.0000
4982	6	14	1	0.4439
4983	7	1	1	0.4994
4984	5	23	0	0.0122
4985	5	14	2	0.5465
4986	5	10	1	0.5960
4987	6	5	0	0.0948
4988	5	9	1	0.4545
4989	5	11	0	0.0000
4990	5	8	0	0.0262
4991	5	14	1	0.1615
4992	5	6	2	0.3030
4993	5	15	0	0.2888
4994	5	18	0	0.0000
4995	5	6	0	0.2925
4996	6	11	0	0.3982
4997	4	6	1	0.3928
4998	5	16	0	0.0000
4999	8	3	0	0.3863
5000	7	5	0	0.6881
