sim	per	nosc	ntonic	NED
1	5	2	0	0.9658
2	12	2	0	0.9825
3	5	4	1	0.4523
4	15	4	1	0.2466
5	5	3	1	0.3530
6	4	2	0	0.5174
7	50	3	1	0.2482
8	13	3	2	0.1662
9	5	3	0	0.4301
10	5	4	5	0.2046
11	5	9	2	0.2801
12	5	3	1	0.3909
13	4	5	0	0.4321
14	5	7	4	0.3122
15	6	3	5	0.2555
16	5	15	1	0.2558
17	5	5	4	0.3167
18	4	5	9	0.2189
19	4	8	1	0.3191
20	4	13	1	0.1800
21	4	16	2	0.1857
22	5	13	0	0.2960
23	4	14	1	0.1938
24	5	12	5	0.2469
25	4	5	4	0.2959
26	5	4	2	0.4011
27	4	17	2	0.2533
28	4	13	0	0.2809
29	4	21	0	0.1580
30	5	16	2	0.3659
31	4	8	0	0.4498
32	4	10	2	0.4211
33	4	22	0	0.1320
34	4	25	0	0.1322
35	4	18	0	0.1814
36	4	22	1	0.1910
37	4	22	0	0.1962
38	4	9	2	0.3138
39	4	32	0	0.1100
40	4	24	0	0.1214
41	6	3	0	0.6125
42	5	5	2	0.3261
43	9	5	2	0.4123
44	5	6	0	0.4286
45	7	13	3	0.3213
46	5	4	3	0.2573
47	5	2	0	0.8232
48	6	13	2	0.3203
49	4	7	1	0.3379
50	5	4	1	0.4161
51	5	7	1	0.4155
52	4	4	2	0.3151
53	4	8	1	0.4017
54	20	3	1	0.4294
55	5	10	0	0.2872
56	5	5	3	0.3720
57	4	12	2	0.3465
58	5	16	1	0.3413
59	4	16	1	0.3591
60	5	3	3	0.2843
61	4	17	0	0.3552
62	4	9	1	0.3368
63	4	14	2	0.2402
64	4	19	0	0.1976
65	4	13	0	0.3323
66	5	22	0	0.2893
67	4	24	0	0.1754
68	5	28	0	0.2887
69	4	25	0	0.1394
70	4	20	0	0.1987
71	4	30	0	0.2703
72	4	27	0	0.1323
73	4	29	0	0.3419
74	4	30	0	0.1201
75	4	16	0	0.3473
76	4	20	0	0.1248
77	4	35	0	0.1690
78	4	19	1	0.3442
79	4	39	0	0.1090
80	4	36	0	0.1103
81	12	4	0	0.8531
82	6	6	0	0.6457
83	6	5	1	0.6382
84	7	9	1	0.3402
85	6	5	0	0.4361
86	5	8	0	0.4833
87	6	11	2	0.4398
88	6	4	0	0.5382
89	5	12	1	0.4086
90	5	4	3	0.3500
91	5	16	0	0.2308
92	5	14	0	0.3292
93	5	16	2	0.4607
94	5	16	0	0.2853
95	5	19	2	0.4135
96	5	3	1	0.4589
97	5	21	0	0.2895
98	4	15	0	0.4437
99	5	11	1	0.4409
100	5	21	0	0.3005
101	5	13	1	0.4207
102	5	25	0	0.3574
103	5	20	0	0.3481
104	5	27	0	0.3062
105	5	19	0	0.3162
106	5	30	0	0.3076
107	5	20	0	0.3425
108	5	29	0	0.3178
109	5	35	0	0.2805
110	4	29	0	0.2524
111	5	34	0	0.3346
112	4	26	0	0.3730
113	4	32	0	0.3329
114	4	34	0	0.2978
115	4	28	0	0.1772
116	5	32	0	0.2878
117	4	34	0	0.1807
118	4	35	0	0.2756
119	4	39	0	0.1845
120	5	39	0	0.3383
121	6	8	1	0.7164
122	12	6	0	0.7294
123	6	5	0	0.6124
124	6	14	1	0.4797
125	6	9	0	0.5363
126	6	10	1	0.5981
127	5	10	0	0.5462
128	5	11	0	0.5194
129	5	6	1	0.4975
130	5	12	1	0.4715
131	5	21	0	0.3906
132	5	10	0	0.5649
133	5	17	0	0.4647
134	6	9	1	0.6083
135	5	22	0	0.3063
136	5	14	1	0.5263
137	5	18	0	0.4218
138	5	36	0	0.2471
139	5	14	0	0.4687
140	5	12	0	0.4802
141	4	13	0	0.4253
142	5	25	1	0.4258
143	5	26	0	0.3493
144	5	29	0	0.3321
145	5	33	0	0.3611
146	5	30	0	0.3199
147	5	25	0	0.3207
148	5	41	0	0.2653
149	5	29	0	0.3844
150	5	38	0	0.2861
151	4	25	0	0.1732
152	4	33	0	0.1368
153	5	35	0	0.3152
154	4	24	0	0.3004
155	4	28	0	0.2579
156	5	47	0	0.2631
157	5	40	0	0.3295
158	5	49	0	0.2790
159	4	31	0	0.2031
160	4	50	0	0.0957
161	10	12	0	0.8220
162	10	5	0	0.8465
163	34	5	0	0.9037
164	5	28	0	0.4292
165	6	9	0	0.5980
166	5	15	0	0.4989
167	5	17	0	0.3865
168	5	31	0	0.3760
169	5	20	0	0.5294
170	5	12	1	0.5643
171	5	19	0	0.4813
172	5	15	0	0.4561
173	5	20	1	0.5103
174	5	26	0	0.3327
175	5	28	0	0.3262
176	5	26	0	0.4101
177	5	21	0	0.4350
178	5	33	0	0.3500
179	5	27	0	0.3986
180	5	19	0	0.4063
181	5	17	0	0.4879
182	5	26	0	0.4633
183	5	40	0	0.2953
184	5	32	0	0.4329
185	5	30	0	0.3425
186	5	37	0	0.3434
187	5	36	0	0.3737
188	5	30	0	0.3204
189	5	29	0	0.2877
190	5	32	0	0.3322
191	4	25	0	0.3704
192	4	38	0	0.1653
193	4	48	0	0.1127
194	4	39	0	0.1527
195	5	34	0	0.3502
196	4	38	0	0.3075
197	4	23	0	0.3527
198	5	38	0	0.3147
199	5	57	0	0.3217
200	4	41	0	0.1631
201	6	8	0	0.8630
202	6	20	0	0.5333
203	6	22	0	0.5321
204	6	12	0	0.6090
205	6	9	0	0.7463
206	5	22	0	0.4597
207	5	13	1	0.5887
208	5	50	0	0.2298
209	5	14	0	0.3492
210	5	15	0	0.5381
211	5	10	0	0.6344
212	5	27	0	0.2928
213	5	35	0	0.2468
214	5	19	0	0.4179
215	5	11	0	0.4247
216	5	23	0	0.4543
217	5	46	0	0.1509
218	5	18	0	0.4778
219	4	17	0	0.4927
220	5	36	0	0.3080
221	5	19	0	0.4243
222	5	32	0	0.3968
223	5	41	0	0.2154
224	4	29	0	0.4250
225	5	30	0	0.4250
226	5	37	0	0.3017
227	5	36	0	0.3229
228	5	48	0	0.2692
229	5	36	0	0.3546
230	5	43	0	0.3662
231	5	33	0	0.3531
232	5	45	0	0.3111
233	5	53	0	0.2986
234	4	15	0	0.4866
235	5	40	0	0.3629
236	4	47	0	0.1538
237	4	51	0	0.2660
238	5	45	0	0.3555
239	4	44	0	0.2702
240	4	47	0	0.3116
241	6	19	0	0.5292
242	7	17	1	0.7483
243	6	22	0	0.5333
244	5	44	0	0.2325
245	5	15	1	0.6659
246	5	16	0	0.5028
247	5	17	0	0.4945
248	5	42	0	0.2360
249	5	22	0	0.3103
250	5	17	0	0.4680
251	5	13	0	0.7140
252	5	13	0	0.3898
253	5	45	0	0.2201
254	5	41	0	0.3244
255	5	41	0	0.2137
256	5	22	0	0.4314
257	20	18	0	0.7442
258	5	27	0	0.3547
259	5	47	0	0.2183
260	5	26	0	0.4743
261	5	37	0	0.3610
262	5	46	0	0.3520
263	5	28	0	0.4480
264	5	30	0	0.3396
265	5	47	0	0.3323
266	5	38	0	0.3553
267	5	24	0	0.3953
268	5	45	0	0.2984
269	5	52	0	0.3102
270	5	28	0	0.4358
271	5	53	0	0.3065
272	5	43	0	0.3511
273	5	47	0	0.3305
274	5	49	0	0.2950
275	4	46	0	0.3286
276	5	50	0	0.2830
277	5	51	0	0.3526
278	5	66	0	0.2915
279	4	52	0	0.1378
280	5	50	0	0.2825
281	8	15	0	0.6979
282	6	24	0	0.5230
283	6	22	0	0.4594
284	6	22	0	0.6412
285	6	38	0	0.4605
286	5	28	0	0.2678
287	5	18	0	0.5029
288	5	32	0	0.2828
289	5	22	0	0.5267
290	5	24	0	0.3258
291	5	46	0	0.2458
292	5	30	0	0.2356
293	5	22	0	0.3753
294	5	32	0	0.1472
295	5	30	0	0.3818
296	5	22	0	0.4183
297	5	36	0	0.3332
298	5	47	0	0.1747
299	5	45	0	0.2379
300	5	45	0	0.3480
301	5	44	0	0.3606
302	5	44	0	0.3719
303	5	39	0	0.3610
304	5	37	0	0.4107
305	5	42	0	0.3231
306	5	47	0	0.3788
307	5	55	0	0.3179
308	5	31	0	0.4219
309	5	49	0	0.2910
310	5	42	0	0.2917
311	5	58	0	0.2758
312	5	51	0	0.3261
313	5	45	0	0.3283
314	5	60	0	0.3101
315	5	60	0	0.3147
316	4	49	0	0.1605
317	5	46	0	0.3058
318	5	53	0	0.3322
319	4	39	0	0.3436
320	5	65	0	0.2591
321	7	20	0	0.7983
322	8	18	0	0.7730
323	5	43	0	0.4866
324	6	18	0	0.5877
325	6	14	0	0.6780
326	6	27	0	0.4113
327	5	15	0	0.6741
328	5	35	0	0.2744
329	5	34	0	0.3997
330	5	25	0	0.4112
331	5	33	0	0.3045
332	5	24	0	0.3862
333	5	43	0	0.2945
334	5	28	0	0.3840
335	5	35	0	0.2690
336	5	25	0	0.5502
337	5	44	0	0.2670
338	5	28	0	0.4020
339	5	44	0	0.3811
340	5	39	0	0.3260
341	5	36	0	0.3084
342	5	57	0	0.3020
343	5	38	0	0.3532
344	5	45	0	0.3455
345	5	41	0	0.3996
346	5	53	0	0.3059
347	5	57	0	0.3207
348	5	34	0	0.4027
349	5	33	0	0.4220
350	5	60	0	0.3016
351	5	58	0	0.3170
352	5	66	0	0.2721
353	5	55	0	0.2990
354	5	53	0	0.3680
355	5	52	0	0.3408
356	4	61	0	0.0842
357	5	53	0	0.3351
358	4	65	0	0.1898
359	4	55	0	0.2102
360	5	69	0	0.2568
361	6	33	0	0.5019
362	6	29	0	0.5098
363	6	49	0	0.3362
364	5	61	0	0.3602
365	5	30	0	0.4528
366	5	47	0	0.3444
367	5	24	0	0.5074
368	5	20	0	0.5297
369	5	16	0	0.7055
370	5	36	0	0.2878
371	5	34	0	0.2411
372	5	27	0	0.5396
373	5	38	0	0.3055
374	5	38	0	0.3183
375	5	35	0	0.3317
376	5	22	0	0.4813
377	5	52	0	0.2361
378	5	46	0	0.2126
379	5	32	0	0.4579
380	5	41	0	0.3907
381	5	30	0	0.4133
382	5	60	0	0.3462
383	5	44	0	0.3695
384	5	53	0	0.2676
385	5	51	0	0.3009
386	5	51	0	0.3806
387	5	59	0	0.2940
388	5	47	0	0.3036
389	5	50	0	0.3058
390	4	42	0	0.3180
391	5	63	0	0.2813
392	5	62	0	0.3059
393	5	54	0	0.3389
394	5	56	0	0.3360
395	5	53	0	0.3311
396	5	55	0	0.2957
397	5	60	0	0.3702
398	5	68	0	0.2749
399	5	64	0	0.3091
400	5	57	0	0.3510
401	6	43	0	0.4243
402	6	54	0	0.4039
403	5	31	0	0.3363
404	5	47	0	0.4613
405	5	43	0	0.3828
406	5	27	0	0.3785
407	5	32	0	0.5387
408	5	46	0	0.1966
409	5	56	0	0.1976
410	5	38	0	0.2069
411	5	27	0	0.2415
412	5	34	0	0.3295
413	5	37	0	0.2795
414	5	37	0	0.3767
415	5	51	0	0.1901
416	5	43	0	0.3128
417	5	29	0	0.3683
418	5	40	0	0.3130
419	5	65	0	0.3141
420	5	63	0	0.1110
421	5	44	0	0.3278
422	5	62	0	0.1633
423	5	50	0	0.3289
424	5	59	0	0.1901
425	5	65	0	0.3530
426	5	58	0	0.2981
427	5	66	0	0.2955
428	5	62	0	0.3237
429	5	44	0	0.3488
430	5	53	0	0.3345
431	5	48	0	0.3473
432	5	73	0	0.2655
433	5	55	0	0.3600
434	5	61	0	0.3480
435	5	40	0	0.4043
436	5	63	0	0.3043
437	5	60	0	0.3108
438	5	78	0	0.2212
439	5	69	0	0.2287
440	4	59	0	0.1490
441	6	28	0	0.6938
442	6	33	0	0.5041
443	6	28	0	0.7112
444	5	38	0	0.4363
445	5	13	0	0.7575
446	5	20	0	0.5024
447	5	40	0	0.2566
448	5	25	0	0.3975
449	5	39	0	0.2507
450	5	68	0	0.2301
451	5	21	0	0.5216
452	5	36	0	0.3095
453	5	19	0	0.6694
454	5	40	0	0.2694
455	5	43	0	0.1996
456	5	40	0	0.3686
457	5	48	0	0.2582
458	5	56	0	0.2123
459	5	39	0	0.2954
460	5	32	0	0.3873
461	5	49	0	0.3532
462	5	49	0	0.3493
463	5	57	0	0.3543
464	5	52	0	0.2902
465	5	46	0	0.4230
466	5	45	0	0.3784
467	5	66	0	0.2949
468	5	71	0	0.2726
469	5	78	0	0.2661
470	5	62	0	0.3203
471	5	64	0	0.3402
472	5	69	0	0.2895
473	5	56	0	0.3509
474	5	55	0	0.3498
475	5	51	0	0.3708
476	5	62	0	0.3415
477	5	64	0	0.2975
478	5	65	0	0.2981
479	5	77	0	0.2642
480	5	75	0	0.3092
481	6	51	0	0.3394
482	6	54	0	0.4244
483	6	34	0	0.4882
484	7	20	0	0.7741
485	5	56	0	0.3273
486	5	34	0	0.3308
487	5	47	0	0.2810
488	5	57	0	0.2334
489	5	33	0	0.4103
490	5	49	0	0.1940
491	5	38	0	0.3421
492	5	54	0	0.2176
493	5	54	0	0.2451
494	5	54	0	0.2135
495	5	62	0	0.1679
496	5	51	0	0.1928
497	5	54	0	0.2338
498	5	45	0	0.3190
499	5	49	0	0.3113
500	5	34	0	0.3670
501	5	62	0	0.3167
502	5	44	0	0.3580
503	5	69	0	0.2412
504	5	50	0	0.2967
505	5	56	0	0.3108
506	5	50	0	0.3976
507	5	59	0	0.3438
508	5	51	0	0.3658
509	5	51	0	0.3856
510	5	55	0	0.3367
511	5	70	0	0.2911
512	5	74	0	0.2538
513	5	66	0	0.3578
514	5	68	0	0.3048
515	5	66	0	0.2608
516	5	71	0	0.2730
517	5	63	0	0.3350
518	5	77	0	0.2746
519	4	71	0	0.2312
520	5	63	0	0.3177
521	7	31	0	0.7021
522	6	61	0	0.4093
523	5	72	0	0.3398
524	6	40	0	0.5036
525	5	33	0	0.6210
526	5	24	0	0.4494
527	5	61	0	0.3068
528	5	30	0	0.3267
529	5	37	0	0.3151
530	5	38	0	0.2795
531	5	44	0	0.1999
532	5	24	0	0.5005
533	5	23	1	0.5985
534	5	76	0	0.1837
535	5	29	0	0.4729
536	5	49	0	0.2059
537	5	20	0	0.6026
538	5	65	0	0.3679
539	5	59	0	0.1862
540	5	74	0	0.1467
541	5	63	0	0.1894
542	5	28	0	0.5697
543	5	74	0	0.1297
544	5	64	0	0.2760
545	5	74	0	0.1895
546	5	73	0	0.2193
547	5	76	0	0.3313
548	5	55	0	0.3986
549	5	70	0	0.3398
550	5	60	0	0.2882
551	5	54	0	0.2928
552	5	73	0	0.2927
553	5	76	0	0.2567
554	5	60	0	0.3795
555	5	63	0	0.3105
556	5	67	0	0.3510
557	5	75	0	0.2310
558	5	72	0	0.3256
559	5	83	0	0.2841
560	5	75	0	0.3145
561	6	40	0	0.5561
562	6	40	0	0.5190
563	7	28	0	0.7227
564	6	38	0	0.4590
565	5	40	0	0.4665
566	5	43	0	0.3222
567	5	64	0	0.3734
568	5	34	0	0.3199
569	5	46	0	0.4152
570	5	35	0	0.4215
571	5	41	0	0.2612
572	5	64	0	0.1568
573	5	54	0	0.2066
574	5	60	0	0.1740
575	5	62	0	0.1824
576	5	56	0	0.2003
577	5	61	0	0.2032
578	5	60	0	0.3568
579	5	72	0	0.1523
580	5	67	0	0.2257
581	5	58	0	0.2168
582	5	61	0	0.2325
583	5	66	0	0.2535
584	5	69	0	0.1798
585	5	35	0	0.5124
586	5	57	0	0.3334
587	5	67	0	0.3438
588	5	52	0	0.3185
589	5	81	0	0.2130
590	5	79	0	0.2799
591	5	83	0	0.2127
592	5	69	0	0.3051
593	5	85	0	0.1966
594	5	74	0	0.3012
595	5	66	0	0.3078
596	5	75	0	0.2925
597	5	83	0	0.2297
598	5	78	0	0.2911
599	5	70	0	0.2939
600	5	76	0	0.2764
601	6	62	0	0.3896
602	6	42	0	0.3978
603	6	56	0	0.3210
604	5	27	0	0.6689
605	5	31	0	0.3369
606	5	44	0	0.2879
607	5	41	0	0.4507
608	5	63	0	0.2167
609	5	40	0	0.2165
610	5	26	0	0.3814
611	5	48	0	0.2537
612	5	47	0	0.1791
613	5	61	0	0.1719
614	5	42	0	0.4492
615	5	50	0	0.3054
616	5	65	0	0.1457
617	5	69	0	0.1337
618	5	58	0	0.2677
619	5	63	0	0.1559
620	5	77	0	0.3138
621	5	76	0	0.1525
622	5	63	0	0.3439
623	5	61	0	0.1776
624	5	43	0	0.4285
625	5	45	0	0.3350
626	5	58	0	0.3827
627	5	83	0	0.1485
628	5	72	0	0.3221
629	5	79	0	0.1060
630	5	61	0	0.3408
631	5	79	0	0.2835
632	5	80	0	0.2580
633	5	86	0	0.2595
634	5	76	0	0.2739
635	4	44	0	0.3972
636	5	81	0	0.2516
637	5	76	0	0.2979
638	5	83	0	0.2709
639	5	81	0	0.2483
640	5	73	0	0.2773
641	7	39	0	0.6416
642	6	57	0	0.4170
643	6	25	0	0.7624
644	5	58	0	0.3743
645	5	69	0	0.2964
646	5	43	0	0.2487
647	5	21	0	0.3680
648	5	43	0	0.3026
649	5	58	0	0.2516
650	5	32	0	0.2764
651	5	39	0	0.2098
652	5	42	0	0.3254
653	5	51	0	0.1820
654	5	43	0	0.2148
655	5	63	0	0.1671
656	5	68	0	0.1932
657	5	53	0	0.3756
658	5	30	0	0.4770
659	5	60	0	0.1291
660	5	38	0	0.3878
661	5	69	0	0.2424
662	5	74	0	0.2388
663	5	76	0	0.1586
664	5	71	0	0.3366
665	5	77	0	0.1156
666	5	71	0	0.2095
667	5	72	0	0.2042
668	5	81	0	0.1402
669	5	55	0	0.3319
670	5	54	0	0.3639
671	5	70	0	0.3247
672	5	79	0	0.2618
673	5	87	0	0.1037
674	5	75	0	0.3371
675	5	88	0	0.2485
676	5	63	0	0.3139
677	5	72	0	0.2952
678	5	78	0	0.3198
679	5	74	0	0.3292
680	5	86	0	0.2142
681	7	40	0	0.6601
682	6	53	0	0.4078
683	5	62	0	0.4321
684	5	90	0	0.2688
685	5	41	0	0.5032
686	5	64	0	0.2579
687	5	45	0	0.3918
688	5	32	0	0.4253
689	5	61	0	0.2752
690	5	42	0	0.3203
691	5	42	0	0.3150
692	5	50	0	0.2380
693	5	49	0	0.2125
694	5	70	0	0.1438
695	5	63	0	0.1250
696	5	42	0	0.3855
697	5	67	0	0.1471
698	5	66	0	0.3402
699	5	72	0	0.1355
700	5	57	0	0.3766
701	5	54	0	0.3219
702	5	63	0	0.2017
703	5	35	0	0.4334
704	5	83	0	0.1356
705	5	85	0	0.1202
706	5	63	0	0.3325
707	5	76	0	0.1617
708	5	85	0	0.1418
709	5	72	0	0.3138
710	5	76	0	0.2443
711	5	72	0	0.3223
712	5	83	0	0.2354
713	5	75	0	0.2681
714	5	77	0	0.2640
715	5	74	0	0.3166
716	5	85	0	0.1672
717	5	63	0	0.3599
718	5	72	0	0.2851
719	5	89	0	0.1326
720	5	84	0	0.2676
721	6	59	0	0.4452
722	6	76	0	0.3916
723	6	71	0	0.3597
724	5	77	0	0.3142
725	5	73	0	0.2438
726	5	68	0	0.2100
727	5	75	0	0.2093
728	5	48	0	0.3130
729	5	57	0	0.2319
730	5	47	0	0.2088
731	5	51	0	0.2445
732	5	50	0	0.2478
733	5	47	0	0.2381
734	5	61	0	0.1634
735	5	46	0	0.2731
736	5	46	0	0.3121
737	5	31	0	0.4159
738	5	41	0	0.4333
739	5	81	0	0.1132
740	5	66	0	0.1729
741	5	63	0	0.2617
742	5	73	0	0.1685
743	5	65	0	0.1797
744	5	78	0	0.1956
745	5	85	0	0.1427
746	5	72	0	0.1948
747	5	84	0	0.1703
748	5	66	0	0.2595
749	5	76	0	0.2750
750	5	90	0	0.1146
751	5	57	0	0.4393
752	5	81	0	0.2144
753	5	84	0	0.1470
754	5	65	0	0.3437
755	5	80	0	0.2725
756	5	91	0	0.0911
757	5	73	0	0.3885
758	5	72	0	0.3219
759	5	75	0	0.2458
760	5	82	0	0.2822
761	6	60	0	0.4166
762	5	36	0	0.7020
763	6	53	0	0.4788
764	5	55	0	0.3364
765	5	73	0	0.2491
766	5	63	0	0.3654
767	5	34	0	0.4423
768	5	55	0	0.2323
769	5	52	0	0.1888
770	5	42	0	0.2220
771	5	83	0	0.1188
772	5	57	0	0.2225
773	5	52	0	0.2364
774	5	65	0	0.1737
775	5	79	0	0.1350
776	5	55	0	0.2081
777	5	59	0	0.2936
778	5	60	0	0.2258
779	5	67	0	0.1710
780	5	45	0	0.4141
781	5	68	0	0.2736
782	5	71	0	0.2396
783	5	79	0	0.1271
784	5	73	0	0.1736
785	5	89	0	0.1367
786	5	76	0	0.1693
787	5	70	0	0.2951
788	5	71	0	0.3173
789	5	80	0	0.1376
790	5	49	0	0.4436
791	5	60	0	0.3888
792	5	69	0	0.3434
793	5	88	0	0.2876
794	5	93	0	0.1601
795	5	83	0	0.2327
796	5	80	0	0.2584
797	5	65	0	0.3658
798	5	78	0	0.2615
799	5	74	0	0.2912
800	5	81	0	0.2811
801	7	49	0	0.5624
802	6	44	0	0.5857
803	6	70	0	0.3879
804	5	57	0	0.3587
805	5	62	0	0.3508
806	5	90	0	0.2737
807	5	48	0	0.5304
808	5	49	0	0.2706
809	5	44	0	0.2480
810	5	32	0	0.3693
811	5	57	0	0.2202
812	5	42	0	0.2395
813	5	58	0	0.1764
814	5	56	0	0.2383
815	5	57	0	0.2636
816	5	61	0	0.1947
817	5	75	0	0.1609
818	5	69	0	0.2005
819	5	67	0	0.1291
820	5	65	0	0.1763
821	5	73	0	0.1431
822	5	80	0	0.1584
823	5	73	0	0.2108
824	5	74	0	0.1484
825	5	79	0	0.2126
826	5	86	0	0.1119
827	5	87	0	0.1288
828	5	86	0	0.1176
829	5	78	0	0.1919
830	5	93	0	0.1348
831	5	85	0	0.2046
832	5	75	0	0.2881
833	5	90	0	0.1146
834	5	71	0	0.2557
835	5	87	0	0.1253
836	5	95	0	0.0530
837	5	77	0	0.3376
838	5	67	0	0.3458
839	5	93	0	0.1436
840	5	92	0	0.1094
841	6	75	0	0.3696
842	6	66	0	0.4026
843	6	50	0	0.3976
844	5	80	0	0.3232
845	5	79	0	0.2517
846	5	49	0	0.3032
847	5	57	0	0.2605
848	5	81	0	0.1768
849	5	43	0	0.3383
850	5	62	0	0.1832
851	5	56	0	0.1794
852	5	54	0	0.2478
853	5	71	0	0.1490
854	5	61	0	0.1746
855	5	74	0	0.1516
856	5	59	0	0.1585
857	5	73	0	0.1664
858	5	73	0	0.1756
859	5	59	0	0.1896
860	5	51	0	0.2944
861	5	75	0	0.1560
862	5	62	0	0.1921
863	5	70	0	0.1651
864	5	80	0	0.1430
865	5	75	0	0.2337
866	5	63	0	0.3278
867	5	73	0	0.2246
868	5	83	0	0.2730
869	5	87	0	0.1249
870	5	68	0	0.3397
871	5	91	0	0.1037
872	5	90	0	0.1378
873	5	85	0	0.1322
874	5	85	0	0.1262
875	5	77	0	0.1576
876	5	72	0	0.2882
877	5	87	0	0.2503
878	5	88	0	0.2557
879	5	94	0	0.2170
880	5	90	0	0.1825
881	6	73	0	0.3837
882	6	68	0	0.4422
883	6	40	0	0.6431
884	6	65	0	0.3596
885	6	42	0	0.4019
886	5	76	0	0.2273
887	5	42	0	0.3163
888	5	61	0	0.2483
889	5	50	0	0.2454
890	5	87	0	0.1386
891	5	51	0	0.2498
892	5	90	0	0.1254
893	5	59	0	0.1927
894	5	60	0	0.1521
895	5	67	0	0.1920
896	5	70	0	0.1473
897	5	62	0	0.1662
898	5	72	0	0.1798
899	5	84	0	0.0855
900	5	80	0	0.1267
901	5	71	0	0.1932
902	5	75	0	0.1499
903	5	79	0	0.1538
904	5	85	0	0.1410
905	5	87	0	0.1177
906	5	87	0	0.1241
907	5	87	0	0.1258
908	5	81	0	0.1661
909	5	69	0	0.2887
910	5	90	0	0.1153
911	5	58	0	0.4249
912	5	86	0	0.2408
913	5	85	0	0.1953
914	5	87	0	0.2526
915	5	92	0	0.1072
916	5	79	0	0.2863
917	5	79	0	0.2676
918	5	79	0	0.3231
919	5	71	0	0.3172
920	5	81	0	0.2690
921	7	57	0	0.5371
922	7	52	0	0.6099
923	5	75	0	0.2830
924	5	83	0	0.2811
925	5	38	0	0.2777
926	6	58	0	0.3602
927	6	36	0	0.4081
928	5	44	0	0.4181
929	5	80	0	0.1679
930	5	51	0	0.2411
931	5	67	0	0.1659
932	5	62	0	0.2217
933	5	81	0	0.1684
934	5	62	0	0.2288
935	5	67	0	0.1642
936	5	67	0	0.1924
937	5	83	0	0.1085
938	5	82	0	0.1145
939	5	82	0	0.1161
940	5	83	0	0.1071
941	5	71	0	0.2083
942	5	84	0	0.1433
943	5	85	0	0.0983
944	5	64	0	0.3268
945	5	85	0	0.1496
946	5	93	0	0.1075
947	5	88	0	0.1119
948	5	88	0	0.1083
949	5	88	0	0.1518
950	5	80	0	0.2021
951	5	83	0	0.2955
952	5	86	0	0.1803
953	5	79	0	0.2822
954	5	77	0	0.3249
955	5	64	0	0.2670
956	5	90	0	0.1125
957	5	87	0	0.2159
958	5	99	0	0.0852
959	5	87	0	0.2499
960	5	79	0	0.3065
961	7	56	0	0.5466
962	6	72	0	0.3961
963	6	51	0	0.4138
964	5	80	0	0.2843
965	5	42	0	0.2790
966	5	42	0	0.3854
967	5	39	0	0.3407
968	5	70	0	0.1755
969	5	83	0	0.1370
970	5	47	0	0.2402
971	5	42	0	0.2808
972	5	32	0	0.4216
973	5	54	0	0.2217
974	5	47	0	0.2978
975	5	70	0	0.1555
976	5	64	0	0.1951
977	5	61	0	0.3333
978	5	71	0	0.1758
979	5	73	0	0.1585
980	5	77	0	0.1645
981	5	76	0	0.1432
982	5	85	0	0.1208
983	5	84	0	0.1239
984	5	85	0	0.1208
985	5	93	0	0.1200
986	5	64	0	0.3720
987	5	84	0	0.1315
988	5	87	0	0.1018
989	5	72	0	0.3086
990	5	91	0	0.1591
991	5	89	0	0.1108
992	5	90	0	0.1411
993	5	88	0	0.1626
994	5	81	0	0.2722
995	5	95	0	0.0919
996	5	94	0	0.1337
997	5	99	0	0.0876
998	5	83	0	0.1940
999	5	95	0	0.1452
1000	5	89	0	0.2286
1001	8	50	0	0.5162
1002	6	69	0	0.4178
1003	6	50	0	0.5753
1004	5	81	0	0.2535
1005	6	49	0	0.4318
1006	5	60	0	0.3028
1007	5	49	0	0.2039
1008	5	46	0	0.5334
1009	5	45	0	0.3183
1010	5	46	0	0.2784
1011	5	71	0	0.2170
1012	5	93	0	0.1544
1013	5	59	0	0.2237
1014	5	66	0	0.1743
1015	5	76	0	0.1510
1016	5	68	0	0.1803
1017	5	59	0	0.2514
1018	5	67	0	0.2048
1019	5	79	0	0.1608
1020	5	75	0	0.1754
1021	5	79	0	0.1231
1022	5	91	0	0.1083
1023	5	82	0	0.1444
1024	5	89	0	0.1278
1025	5	85	0	0.1396
1026	5	87	0	0.1163
1027	5	91	0	0.1247
1028	5	96	0	0.1043
1029	5	88	0	0.1231
1030	5	93	0	0.1188
1031	5	93	0	0.0921
1032	5	56	0	0.4021
1033	5	88	0	0.2461
1034	5	94	0	0.0976
1035	5	99	0	0.0953
1036	5	86	0	0.2829
1037	5	86	0	0.2610
1038	5	84	0	0.2294
1039	5	96	0	0.1128
1040	5	95	0	0.2032
1041	6	82	0	0.3634
1042	6	68	0	0.4281
1043	5	93	0	0.2748
1044	6	72	0	0.3538
1045	5	49	0	0.2656
1046	6	46	0	0.4940
1047	5	95	0	0.1655
1048	5	89	0	0.1553
1049	5	85	0	0.1631
1050	5	70	0	0.2163
1051	5	28	0	0.3417
1052	5	54	0	0.1971
1053	5	86	0	0.1436
1054	5	67	0	0.1617
1055	5	86	0	0.1059
1056	5	80	0	0.1478
1057	5	84	0	0.1399
1058	5	78	0	0.1403
1059	5	77	0	0.1762
1060	5	84	0	0.1208
1061	5	83	0	0.1545
1062	5	95	0	0.1176
1063	5	86	0	0.1532
1064	5	71	0	0.1878
1065	5	89	0	0.1282
1066	5	84	0	0.1393
1067	5	91	0	0.1125
1068	5	67	0	0.2298
1069	5	92	0	0.1026
1070	5	90	0	0.1496
1071	5	94	0	0.0797
1072	5	95	0	0.1055
1073	5	87	0	0.1454
1074	5	86	0	0.2818
1075	5	94	0	0.0844
1076	5	65	0	0.3856
1077	5	85	0	0.1918
1078	5	89	0	0.1924
1079	5	95	0	0.1087
1080	5	98	0	0.0805
1081	6	87	0	0.2980
1082	6	54	0	0.5482
1083	6	93	0	0.2854
1084	5	72	0	0.3661
1085	5	89	0	0.2018
1086	5	93	0	0.1520
1087	5	79	0	0.2405
1088	5	44	0	0.4267
1089	5	63	0	0.2362
1090	5	86	0	0.1415
1091	5	80	0	0.1481
1092	5	72	0	0.1554
1093	5	91	0	0.0985
1094	5	67	0	0.1979
1095	5	72	0	0.1210
1096	5	76	0	0.1801
1097	5	81	0	0.1619
1098	5	82	0	0.1272
1099	5	77	0	0.1557
1100	5	81	0	0.1098
1101	5	84	0	0.1143
1102	5	95	0	0.0885
1103	5	86	0	0.1197
1104	5	85	0	0.1379
1105	5	92	0	0.1061
1106	5	92	0	0.0770
1107	5	96	0	0.1028
1108	5	80	0	0.1863
1109	5	94	0	0.1137
1110	5	95	0	0.1168
1111	5	95	0	0.1111
1112	5	94	0	0.1011
1113	5	96	0	0.1053
1114	5	92	0	0.1068
1115	5	77	0	0.1741
1116	5	96	0	0.0791
1117	5	94	0	0.1139
1118	5	94	0	0.1115
1119	5	97	0	0.1075
1120	5	96	0	0.1498
1121	7	67	0	0.4751
1122	5	91	0	0.2905
1123	5	96	0	0.2679
1124	5	62	0	0.3263
1125	6	82	0	0.3157
1126	5	60	0	0.2683
1127	5	74	0	0.2139
1128	5	79	0	0.2212
1129	5	88	0	0.1648
1130	5	91	0	0.1442
1131	5	92	0	0.1281
1132	5	64	0	0.2214
1133	5	63	0	0.2100
1134	5	78	0	0.1545
1135	5	76	0	0.1641
1136	5	85	0	0.1057
1137	5	82	0	0.1224
1138	5	72	0	0.1575
1139	5	87	0	0.1033
1140	5	90	0	0.1069
1141	5	78	0	0.1521
1142	5	91	0	0.0959
1143	5	81	0	0.1644
1144	5	94	0	0.0880
1145	5	84	0	0.1573
1146	5	94	0	0.1007
1147	5	86	0	0.1204
1148	5	88	0	0.1343
1149	5	98	0	0.1071
1150	5	93	0	0.1049
1151	5	92	0	0.1529
1152	5	97	0	0.0843
1153	5	68	0	0.3159
1154	5	95	0	0.0875
1155	5	96	0	0.0879
1156	5	99	0	0.0813
1157	5	95	0	0.0910
1158	5	90	0	0.1758
1159	5	93	0	0.1035
1160	5	99	0	0.0904
1161	8	63	0	0.5217
1162	6	70	0	0.3787
1163	5	81	0	0.3410
1164	6	51	0	0.4420
1165	5	61	0	0.3338
1166	5	62	0	0.4381
1167	5	83	0	0.1666
1168	5	96	0	0.1391
1169	5	87	0	0.1871
1170	5	82	0	0.1483
1171	5	74	0	0.1821
1172	5	83	0	0.1509
1173	5	86	0	0.1238
1174	5	71	0	0.1598
1175	5	63	0	0.2012
1176	5	89	0	0.0873
1177	5	80	0	0.1287
1178	5	88	0	0.1297
1179	5	72	0	0.2268
1180	5	76	0	0.1620
1181	5	85	0	0.1191
1182	5	91	0	0.1126
1183	5	92	0	0.0996
1184	5	92	0	0.1138
1185	5	96	0	0.0832
1186	5	84	0	0.1376
1187	5	92	0	0.0917
1188	5	88	0	0.1261
1189	5	100	0	0.0764
1190	5	92	0	0.0959
1191	5	98	0	0.0874
1192	5	98	0	0.0991
1193	5	95	0	0.1084
1194	5	77	0	0.2819
1195	5	95	0	0.1631
1196	5	99	0	0.1015
1197	5	98	0	0.0926
1198	5	96	0	0.1401
1199	5	95	0	0.1002
1200	5	99	0	0.0766
1201	6	55	0	0.4918
1202	7	64	0	0.4587
1203	6	93	0	0.2658
1204	5	84	0	0.3266
1205	5	57	0	0.4252
1206	5	74	0	0.2385
1207	5	84	0	0.1784
1208	5	60	0	0.2429
1209	5	67	0	0.1952
1210	5	88	0	0.1510
1211	5	99	0	0.0775
1212	5	97	0	0.0748
1213	5	64	0	0.1778
1214	5	71	0	0.1676
1215	5	93	0	0.1008
1216	5	86	0	0.1331
1217	5	84	0	0.1394
1218	5	80	0	0.1118
1219	5	91	0	0.1092
1220	5	81	0	0.1157
1221	5	93	0	0.1090
1222	5	88	0	0.0994
1223	5	76	0	0.1738
1224	5	89	0	0.0895
1225	5	97	0	0.0857
1226	5	95	0	0.1074
1227	5	94	0	0.1053
1228	5	90	0	0.1135
1229	5	95	0	0.0837
1230	5	66	0	0.3697
1231	5	96	0	0.1197
1232	5	98	0	0.0895
1233	5	95	0	0.1311
1234	5	100	0	0.0811
1235	5	95	0	0.0853
1236	5	95	0	0.0640
1237	5	89	0	0.0765
1238	5	98	0	0.0632
1239	5	88	0	0.2403
1240	5	99	0	0.0550
1241	6	71	0	0.4867
1242	6	93	0	0.3061
1243	5	79	0	0.3236
1244	5	99	0	0.1361
1245	5	100	0	0.1058
1246	5	72	0	0.3389
1247	6	41	0	0.4957
1248	5	74	0	0.2271
1249	5	33	0	0.6246
1250	5	79	0	0.1773
1251	5	69	0	0.2171
1252	5	97	0	0.0986
1253	5	75	0	0.1554
1254	5	82	0	0.1213
1255	5	75	0	0.1260
1256	5	88	0	0.1183
1257	5	89	0	0.1298
1258	5	79	0	0.1199
1259	5	83	0	0.1167
1260	5	85	0	0.1006
1261	5	92	0	0.1058
1262	5	86	0	0.1168
1263	5	83	0	0.1400
1264	5	77	0	0.1375
1265	5	93	0	0.0846
1266	5	87	0	0.2368
1267	5	94	0	0.0903
1268	5	91	0	0.0860
1269	5	95	0	0.1286
1270	5	95	0	0.1010
1271	5	97	0	0.0607
1272	5	96	0	0.0950
1273	5	99	0	0.0672
1274	5	94	0	0.0977
1275	5	98	0	0.0682
1276	5	94	0	0.0897
1277	5	97	0	0.0902
1278	5	97	0	0.0979
1279	5	96	0	0.0736
1280	5	94	0	0.0790
1281	6	86	0	0.3617
1282	6	84	0	0.3330
1283	6	75	0	0.3358
1284	5	99	0	0.1369
1285	5	76	0	0.3368
1286	5	99	0	0.1195
1287	5	80	0	0.3083
1288	5	69	0	0.2581
1289	5	89	0	0.1498
1290	5	78	0	0.1862
1291	5	94	0	0.1024
1292	5	79	0	0.1667
1293	5	41	0	0.4893
1294	5	60	0	0.2696
1295	5	87	0	0.0870
1296	5	80	0	0.1241
1297	5	99	0	0.0501
1298	5	80	0	0.1379
1299	5	81	0	0.1397
1300	5	86	0	0.1469
1301	5	93	0	0.0970
1302	5	92	0	0.0840
1303	5	90	0	0.1081
1304	5	93	0	0.0968
1305	5	93	0	0.1115
1306	5	90	0	0.1108
1307	5	96	0	0.0922
1308	5	95	0	0.0955
1309	5	93	0	0.0938
1310	5	93	0	0.0894
1311	5	93	0	0.0591
1312	5	98	0	0.1077
1313	5	97	0	0.0988
1314	5	97	0	0.0836
1315	5	97	0	0.0969
1316	5	95	0	0.1150
1317	5	96	0	0.0941
1318	5	97	0	0.0866
1319	5	98	0	0.1055
1320	5	96	0	0.1273
1321	6	60	0	0.4899
1322	6	87	0	0.3675
1323	6	75	0	0.2677
1324	6	64	0	0.4152
1325	5	91	0	0.1776
1326	5	71	0	0.3678
1327	5	79	0	0.2442
1328	5	86	0	0.1601
1329	5	75	0	0.2477
1330	5	82	0	0.1692
1331	5	65	0	0.2030
1332	5	87	0	0.1066
1333	5	96	0	0.0949
1334	5	69	0	0.2163
1335	5	69	0	0.1933
1336	5	96	0	0.0788
1337	5	75	0	0.1846
1338	5	74	0	0.1568
1339	5	89	0	0.1019
1340	5	91	0	0.0980
1341	5	93	0	0.0960
1342	5	88	0	0.1031
1343	5	92	0	0.1165
1344	5	91	0	0.1441
1345	5	95	0	0.0961
1346	5	97	0	0.0714
1347	5	96	0	0.0850
1348	5	96	0	0.0819
1349	5	96	0	0.0926
1350	5	88	0	0.1302
1351	5	96	0	0.0683
1352	5	96	0	0.0884
1353	5	98	0	0.0903
1354	5	97	0	0.1132
1355	5	99	0	0.0662
1356	5	100	0	0.0602
1357	5	99	0	0.0697
1358	5	98	0	0.1052
1359	5	97	0	0.1480
1360	5	98	0	0.1022
1361	6	90	0	0.3403
1362	6	34	0	0.5288
1363	5	97	0	0.2670
1364	5	65	0	0.4092
1365	6	76	0	0.3160
1366	5	83	0	0.1913
1367	5	93	0	0.1660
1368	5	71	0	0.2330
1369	5	87	0	0.1747
1370	5	82	0	0.1619
1371	5	97	0	0.1072
1372	5	85	0	0.1385
1373	5	73	0	0.2099
1374	5	90	0	0.1099
1375	5	89	0	0.1263
1376	5	88	0	0.1049
1377	5	84	0	0.1371
1378	5	74	0	0.1549
1379	5	75	0	0.1760
1380	5	94	0	0.0819
1381	5	86	0	0.1482
1382	5	78	0	0.1505
1383	5	90	0	0.1039
1384	5	90	0	0.1232
1385	5	95	0	0.0889
1386	5	91	0	0.0961
1387	5	97	0	0.1064
1388	5	93	0	0.1236
1389	5	94	0	0.1017
1390	5	94	0	0.0904
1391	5	95	0	0.0777
1392	5	90	0	0.0962
1393	5	97	0	0.0927
1394	5	96	0	0.0764
1395	5	95	0	0.1119
1396	5	95	0	0.0965
1397	5	99	0	0.0634
1398	5	91	0	0.1466
1399	5	100	0	0.0777
1400	5	98	0	0.0958
1401	6	85	0	0.3844
1402	6	87	0	0.3055
1403	6	86	0	0.3104
1404	5	99	0	0.1213
1405	5	80	0	0.3407
1406	5	71	0	0.2270
1407	5	90	0	0.1844
1408	5	86	0	0.1804
1409	5	82	0	0.1813
1410	5	80	0	0.1925
1411	5	92	0	0.1342
1412	5	97	0	0.1180
1413	5	39	0	0.4389
1414	5	90	0	0.1355
1415	5	88	0	0.1122
1416	5	80	0	0.1406
1417	5	75	0	0.1695
1418	5	89	0	0.1066
1419	5	91	0	0.1016
1420	5	99	0	0.0611
1421	5	91	0	0.1137
1422	5	87	0	0.1567
1423	5	92	0	0.1028
1424	5	93	0	0.0662
1425	5	85	0	0.1560
1426	5	91	0	0.1232
1427	5	94	0	0.1224
1428	5	87	0	0.1093
1429	5	98	0	0.1131
1430	5	99	0	0.0912
1431	5	99	0	0.0393
1432	5	99	0	0.0652
1433	5	95	0	0.1232
1434	5	95	0	0.1096
1435	5	98	0	0.1043
1436	5	97	0	0.0818
1437	5	97	0	0.0929
1438	5	99	0	0.0978
1439	5	98	0	0.0910
1440	5	95	0	0.0879
1441	6	70	0	0.4286
1442	6	89	0	0.3044
1443	5	97	0	0.2680
1444	5	85	0	0.3301
1445	6	47	0	0.4185
1446	5	96	0	0.1296
1447	6	45	0	0.4537
1448	5	73	0	0.2490
1449	5	90	0	0.1656
1450	5	93	0	0.1318
1451	5	98	0	0.0718
1452	5	91	0	0.1197
1453	5	84	0	0.1375
1454	5	71	0	0.1917
1455	5	69	0	0.1720
1456	5	81	0	0.1302
1457	5	84	0	0.1607
1458	5	92	0	0.0865
1459	5	78	0	0.1748
1460	5	95	0	0.0769
1461	5	85	0	0.1607
1462	5	90	0	0.1076
1463	5	98	0	0.0745
1464	5	96	0	0.0787
1465	5	93	0	0.1135
1466	5	97	0	0.0824
1467	5	97	0	0.0659
1468	5	99	0	0.0732
1469	5	94	0	0.0959
1470	5	95	0	0.1096
1471	5	92	0	0.1019
1472	5	97	0	0.0893
1473	5	95	0	0.0974
1474	5	87	0	0.1579
1475	5	97	0	0.0893
1476	5	98	0	0.0770
1477	5	97	0	0.0912
1478	5	99	0	0.0735
1479	5	100	0	0.0968
1480	5	99	0	0.0883
1481	6	79	0	0.3841
1482	6	88	0	0.3205
1483	7	39	0	0.5395
1484	6	71	0	0.3838
1485	5	76	0	0.2132
1486	5	92	0	0.1592
1487	5	83	0	0.2402
1488	5	94	0	0.1483
1489	5	96	0	0.1371
1490	5	88	0	0.1674
1491	5	98	0	0.0844
1492	5	64	0	0.2417
1493	5	82	0	0.1095
1494	5	92	0	0.1313
1495	5	74	0	0.1799
1496	5	91	0	0.0957
1497	5	75	0	0.1702
1498	5	88	0	0.0902
1499	5	87	0	0.1220
1500	5	84	0	0.1237
1501	5	91	0	0.0962
1502	5	93	0	0.1134
1503	5	98	0	0.0851
1504	5	94	0	0.0735
1505	5	91	0	0.1313
1506	5	95	0	0.1020
1507	5	96	0	0.0895
1508	5	97	0	0.0643
1509	5	97	0	0.1112
1510	5	96	0	0.1026
1511	5	100	0	0.0706
1512	5	96	0	0.0843
1513	5	99	0	0.0976
1514	5	95	0	0.1134
1515	5	99	0	0.0613
1516	5	99	0	0.0833
1517	5	97	0	0.1080
1518	5	97	0	0.0919
1519	5	98	0	0.0846
1520	5	99	0	0.0641
1521	7	66	0	0.4835
1522	6	98	0	0.2406
1523	6	91	0	0.2910
1524	5	92	0	0.2505
1525	5	97	0	0.2164
1526	5	99	0	0.1224
1527	6	69	0	0.4334
1528	5	94	0	0.1503
1529	5	89	0	0.1520
1530	5	99	0	0.1125
1531	5	79	0	0.1883
1532	5	96	0	0.1216
1533	5	82	0	0.1349
1534	5	87	0	0.1282
1535	5	60	0	0.2227
1536	5	91	0	0.0990
1537	5	87	0	0.1307
1538	5	90	0	0.0992
1539	5	76	0	0.1775
1540	5	92	0	0.0887
1541	5	95	0	0.0819
1542	5	96	0	0.0792
1543	5	84	0	0.1088
1544	5	88	0	0.1422
1545	5	98	0	0.0837
1546	5	95	0	0.1054
1547	5	82	0	0.1114
1548	5	96	0	0.0622
1549	5	99	0	0.0512
1550	5	98	0	0.0661
1551	5	99	0	0.0837
1552	5	96	0	0.0971
1553	5	99	0	0.0786
1554	5	100	0	0.0884
1555	5	99	0	0.0879
1556	5	99	0	0.0853
1557	5	99	0	0.0978
1558	5	97	0	0.1042
1559	5	99	0	0.0782
1560	5	98	0	0.0756
1561	8	81	0	0.3954
1562	6	82	0	0.3115
1563	6	44	0	0.5115
1564	5	92	0	0.2719
1565	6	84	0	0.3675
1566	5	97	0	0.1763
1567	5	100	0	0.1098
1568	5	78	0	0.1898
1569	5	86	0	0.1664
1570	5	98	0	0.1260
1571	5	99	0	0.0719
1572	5	98	0	0.0871
1573	5	84	0	0.1353
1574	5	90	0	0.1251
1575	5	96	0	0.0894
1576	5	86	0	0.1285
1577	5	95	0	0.0737
1578	5	93	0	0.1000
1579	5	87	0	0.1287
1580	5	100	0	0.0434
1581	5	92	0	0.0985
1582	5	99	0	0.0593
1583	5	88	0	0.1641
1584	5	94	0	0.0941
1585	5	87	0	0.1265
1586	5	98	0	0.0670
1587	5	97	0	0.0884
1588	5	98	0	0.0698
1589	5	99	0	0.0857
1590	5	88	0	0.1384
1591	5	95	0	0.0885
1592	5	98	0	0.0880
1593	5	99	0	0.1051
1594	5	99	0	0.0710
1595	5	97	0	0.0711
1596	5	96	0	0.1063
1597	5	98	0	0.0978
1598	5	100	0	0.0807
1599	5	98	0	0.0821
1600	5	99	0	0.0678
1601	6	91	0	0.2845
1602	6	99	0	0.2247
1603	6	95	0	0.2282
1604	6	51	0	0.5430
1605	5	95	0	0.1638
1606	6	77	0	0.3201
1607	5	88	0	0.1734
1608	5	62	0	0.2750
1609	5	89	0	0.1569
1610	5	81	0	0.1994
1611	5	100	0	0.0611
1612	5	87	0	0.1330
1613	5	96	0	0.0863
1614	5	54	0	0.2273
1615	5	90	0	0.1108
1616	5	95	0	0.0879
1617	5	92	0	0.0828
1618	5	91	0	0.0988
1619	5	89	0	0.1052
1620	5	95	0	0.0832
1621	5	82	0	0.1413
1622	5	90	0	0.0958
1623	5	93	0	0.1202
1624	5	98	0	0.0871
1625	5	85	0	0.1489
1626	5	91	0	0.1118
1627	5	100	0	0.0816
1628	5	94	0	0.0895
1629	5	95	0	0.1136
1630	5	98	0	0.0917
1631	5	97	0	0.0721
1632	5	97	0	0.1083
1633	5	100	0	0.0600
1634	5	96	0	0.1056
1635	5	99	0	0.0667
1636	5	99	0	0.0624
1637	5	96	0	0.0983
1638	5	100	0	0.0737
1639	5	99	0	0.0803
1640	5	99	0	0.0841
1641	7	78	0	0.3924
1642	6	87	0	0.2894
1643	5	99	0	0.2346
1644	5	100	0	0.1007
1645	6	80	0	0.3360
1646	6	84	0	0.2773
1647	5	91	0	0.2691
1648	5	98	0	0.0975
1649	5	65	0	0.2896
1650	5	91	0	0.1425
1651	5	97	0	0.0866
1652	5	93	0	0.1087
1653	5	86	0	0.1336
1654	5	87	0	0.1254
1655	5	84	0	0.1365
1656	5	80	0	0.1335
1657	5	93	0	0.0692
1658	5	93	0	0.1083
1659	5	97	0	0.0757
1660	5	94	0	0.0530
1661	5	89	0	0.0738
1662	5	97	0	0.0780
1663	5	93	0	0.1053
1664	5	93	0	0.1101
1665	5	99	0	0.0656
1666	5	88	0	0.0725
1667	5	99	0	0.0823
1668	5	97	0	0.0831
1669	5	97	0	0.1014
1670	5	98	0	0.0946
1671	5	91	0	0.1142
1672	5	94	0	0.1219
1673	5	98	0	0.0826
1674	5	96	0	0.1039
1675	5	97	0	0.0869
1676	5	100	0	0.0674
1677	5	100	0	0.0736
1678	5	98	0	0.0749
1679	5	97	0	0.1333
1680	5	99	0	0.0946
1681	6	98	0	0.2525
1682	8	79	0	0.3651
1683	7	57	0	0.4950
1684	5	76	0	0.4551
1685	5	100	0	0.1033
1686	5	91	0	0.2729
1687	5	99	0	0.1219
1688	5	100	0	0.0869
1689	5	92	0	0.2412
1690	5	80	0	0.2241
1691	5	100	0	0.0617
1692	5	100	0	0.0609
1693	5	77	0	0.1625
1694	5	79	0	0.1344
1695	5	76	0	0.1343
1696	5	83	0	0.1161
1697	5	85	0	0.1353
1698	5	93	0	0.0677
1699	5	86	0	0.1381
1700	5	85	0	0.1004
1701	5	93	0	0.0897
1702	5	95	0	0.0850
1703	5	92	0	0.1008
1704	5	98	0	0.0834
1705	5	95	0	0.0773
1706	5	96	0	0.0745
1707	5	98	0	0.0795
1708	5	98	0	0.0850
1709	5	98	0	0.0950
1710	5	98	0	0.0686
1711	5	99	0	0.0715
1712	5	98	0	0.1131
1713	5	100	0	0.0721
1714	5	98	0	0.0900
1715	5	98	0	0.0980
1716	5	99	0	0.0619
1717	5	97	0	0.1063
1718	5	99	0	0.0699
1719	5	100	0	0.0777
1720	5	100	0	0.0648
1721	7	77	0	0.4064
1722	6	90	0	0.3256
1723	5	98	0	0.2177
1724	5	87	0	0.2790
1725	6	62	0	0.3631
1726	5	96	0	0.2401
1727	5	89	0	0.2856
1728	5	98	0	0.1150
1729	5	90	0	0.2779
1730	5	98	0	0.1121
1731	5	100	0	0.0812
1732	5	97	0	0.0921
1733	5	82	0	0.1514
1734	5	98	0	0.0752
1735	5	90	0	0.0592
1736	5	92	0	0.0937
1737	5	88	0	0.0960
1738	5	93	0	0.0950
1739	5	92	0	0.1098
1740	5	95	0	0.0689
1741	5	97	0	0.0672
1742	5	91	0	0.1224
1743	5	97	0	0.0540
1744	5	95	0	0.1004
1745	5	99	0	0.0371
1746	5	98	0	0.0739
1747	5	99	0	0.0471
1748	5	99	0	0.0791
1749	5	96	0	0.0954
1750	5	98	0	0.1061
1751	5	95	0	0.0818
1752	5	98	0	0.1000
1753	5	98	0	0.0852
1754	5	100	0	0.0815
1755	5	98	0	0.0752
1756	5	100	0	0.0698
1757	5	99	0	0.0893
1758	5	98	0	0.0828
1759	5	100	0	0.0742
1760	5	100	0	0.0658
1761	7	83	0	0.4014
1762	6	89	0	0.3006
1763	6	99	0	0.2067
1764	5	100	0	0.1309
1765	6	95	0	0.2232
1766	5	95	0	0.2556
1767	5	100	0	0.1247
1768	6	54	0	0.4671
1769	5	99	0	0.1122
1770	5	98	0	0.0790
1771	5	89	0	0.1696
1772	5	97	0	0.0898
1773	5	65	0	0.2449
1774	5	96	0	0.0820
1775	5	91	0	0.1205
1776	5	94	0	0.0898
1777	5	91	0	0.0992
1778	5	94	0	0.0565
1779	5	96	0	0.0442
1780	5	93	0	0.0764
1781	5	97	0	0.0545
1782	5	98	0	0.0680
1783	5	91	0	0.0873
1784	5	91	0	0.1177
1785	5	89	0	0.1302
1786	5	97	0	0.0685
1787	5	98	0	0.0749
1788	5	100	0	0.0724
1789	5	95	0	0.0856
1790	5	98	0	0.0864
1791	5	99	0	0.0843
1792	5	99	0	0.0760
1793	5	100	0	0.0540
1794	5	99	0	0.0762
1795	5	100	0	0.0623
1796	5	99	0	0.0739
1797	5	96	0	0.1068
1798	5	99	0	0.0798
1799	5	100	0	0.0575
1800	5	100	0	0.0581
1801	6	99	0	0.2054
1802	6	88	0	0.2935
1803	6	99	0	0.2067
1804	5	92	0	0.2673
1805	5	81	0	0.3315
1806	6	59	0	0.4190
1807	5	78	0	0.3469
1808	5	96	0	0.1597
1809	5	98	0	0.1265
1810	5	98	0	0.0822
1811	5	98	0	0.0889
1812	5	98	0	0.0837
1813	5	97	0	0.0817
1814	5	95	0	0.1037
1815	5	98	0	0.0711
1816	5	100	0	0.0431
1817	5	89	0	0.1188
1818	5	95	0	0.0786
1819	5	97	0	0.0772
1820	5	93	0	0.0840
1821	5	97	0	0.0553
1822	5	97	0	0.0621
1823	5	96	0	0.0489
1824	5	100	0	0.0493
1825	5	98	0	0.0574
1826	5	100	0	0.0471
1827	5	99	0	0.0772
1828	5	98	0	0.0935
1829	5	93	0	0.0945
1830	5	97	0	0.0980
1831	5	95	0	0.1018
1832	5	98	0	0.0818
1833	5	98	0	0.0711
1834	5	98	0	0.0560
1835	5	100	0	0.0593
1836	5	99	0	0.0904
1837	5	100	0	0.0603
1838	5	100	0	0.0893
1839	5	100	0	0.0482
1840	5	100	0	0.0769
1841	7	81	0	0.3841
1842	6	85	0	0.2840
1843	6	96	0	0.2820
1844	5	100	0	0.1246
1845	5	44	0	0.5228
1846	5	100	0	0.0568
1847	5	100	0	0.0724
1848	5	94	0	0.1847
1849	5	95	0	0.1262
1850	5	92	0	0.1543
1851	5	96	0	0.1072
1852	5	98	0	0.0939
1853	5	100	0	0.0693
1854	5	100	0	0.0551
1855	5	98	0	0.0940
1856	5	100	0	0.0439
1857	5	96	0	0.0753
1858	5	98	0	0.0741
1859	5	96	0	0.0658
1860	5	100	0	0.0391
1861	5	97	0	0.0474
1862	5	91	0	0.0919
1863	5	97	0	0.0802
1864	5	98	0	0.0777
1865	5	99	0	0.0533
1866	5	97	0	0.0761
1867	5	97	0	0.0596
1868	5	99	0	0.0912
1869	5	99	0	0.0719
1870	5	100	0	0.0422
1871	5	99	0	0.0810
1872	5	100	0	0.0687
1873	5	97	0	0.0875
1874	5	100	0	0.0604
1875	5	97	0	0.0840
1876	5	99	0	0.0809
1877	5	100	0	0.0551
1878	5	99	0	0.0671
1879	5	100	0	0.0545
1880	5	100	0	0.0819
1881	6	85	0	0.3982
1882	6	93	0	0.3104
1883	6	84	0	0.2816
1884	5	91	0	0.2036
1885	5	100	0	0.1209
1886	5	96	0	0.1519
1887	5	98	0	0.1407
1888	5	99	0	0.0866
1889	5	100	0	0.0791
1890	5	96	0	0.1079
1891	5	93	0	0.1457
1892	5	100	0	0.0766
1893	5	90	0	0.1033
1894	5	81	0	0.3370
1895	5	100	0	0.0718
1896	5	96	0	0.0596
1897	5	97	0	0.0824
1898	5	93	0	0.0983
1899	5	94	0	0.0989
1900	5	97	0	0.0672
1901	5	96	0	0.0726
1902	5	99	0	0.0404
1903	5	99	0	0.0444
1904	5	93	0	0.0930
1905	5	95	0	0.0849
1906	5	98	0	0.0533
1907	5	98	0	0.0680
1908	5	98	0	0.0818
1909	5	100	0	0.0680
1910	5	96	0	0.1090
1911	5	100	0	0.0449
1912	5	99	0	0.0585
1913	5	100	0	0.0712
1914	5	99	0	0.0673
1915	5	100	0	0.0696
1916	5	100	0	0.0636
1917	5	99	0	0.0746
1918	5	99	0	0.0639
1919	5	99	0	0.0579
1920	5	100	0	0.0628
1921	6	98	0	0.2451
1922	6	95	0	0.2720
1923	6	92	0	0.3227
1924	6	99	0	0.2090
1925	5	100	0	0.0779
1926	6	97	0	0.2389
1927	5	95	0	0.2438
1928	5	81	0	0.3451
1929	5	89	0	0.2691
1930	5	97	0	0.1135
1931	5	95	0	0.1039
1932	5	26	0	0.7123
1933	5	99	0	0.0838
1934	5	97	0	0.0661
1935	5	98	0	0.0849
1936	5	95	0	0.0694
1937	5	100	0	0.0526
1938	5	100	0	0.0364
1939	5	99	0	0.0574
1940	5	98	0	0.0684
1941	5	92	0	0.0998
1942	5	98	0	0.0740
1943	5	98	0	0.0633
1944	5	96	0	0.1002
1945	5	96	0	0.0991
1946	5	97	0	0.0880
1947	5	99	0	0.0695
1948	5	96	0	0.0734
1949	5	95	0	0.1089
1950	5	99	0	0.0602
1951	5	99	0	0.0547
1952	5	97	0	0.0994
1953	5	100	0	0.0643
1954	5	99	0	0.0872
1955	5	100	0	0.0672
1956	5	100	0	0.0390
1957	5	100	0	0.1005
1958	5	99	0	0.0903
1959	5	100	0	0.0784
1960	5	100	0	0.0575
1961	7	81	0	0.4069
1962	6	72	0	0.4348
1963	6	92	0	0.2645
1964	5	100	0	0.0969
1965	5	97	0	0.1404
1966	5	99	0	0.1099
1967	5	88	0	0.2824
1968	5	100	0	0.1111
1969	5	64	0	0.4316
1970	5	99	0	0.0909
1971	5	93	0	0.1292
1972	5	98	0	0.0758
1973	5	97	0	0.0909
1974	5	99	0	0.0676
1975	5	92	0	0.1088
1976	5	100	0	0.0472
1977	5	93	0	0.0785
1978	5	99	0	0.0597
1979	5	94	0	0.0673
1980	5	98	0	0.0594
1981	5	99	0	0.0554
1982	5	100	0	0.0434
1983	5	99	0	0.0529
1984	5	97	0	0.0785
1985	5	98	0	0.0754
1986	5	97	0	0.0717
1987	5	97	0	0.0889
1988	5	99	0	0.0619
1989	5	98	0	0.0652
1990	5	97	0	0.1054
1991	5	96	0	0.0908
1992	5	99	0	0.0676
1993	5	100	0	0.0709
1994	5	99	0	0.0691
1995	5	99	0	0.0557
1996	5	98	0	0.0738
1997	5	95	0	0.0755
1998	5	100	0	0.0706
1999	5	100	0	0.0638
2000	5	99	0	0.0498
2001	6	80	0	0.3696
2002	6	95	0	0.2048
2003	5	95	0	0.2668
2004	6	100	0	0.1897
2005	6	44	0	0.5530
2006	5	88	0	0.3274
2007	5	98	0	0.1206
2008	5	99	0	0.1581
2009	5	100	0	0.0665
2010	5	100	0	0.0802
2011	5	98	0	0.0782
2012	5	100	0	0.0457
2013	5	98	0	0.0651
2014	5	99	0	0.0538
2015	5	99	0	0.0620
2016	5	98	0	0.0559
2017	5	96	0	0.0787
2018	5	89	0	0.0877
2019	5	95	0	0.0864
2020	5	98	0	0.0596
2021	5	100	0	0.0512
2022	5	97	0	0.0896
2023	5	100	0	0.0399
2024	5	99	0	0.0590
2025	5	100	0	0.0594
2026	5	99	0	0.0499
2027	5	95	0	0.0995
2028	5	97	0	0.0616
2029	5	96	0	0.0749
2030	5	99	0	0.0573
2031	5	98	0	0.0590
2032	5	99	0	0.0694
2033	5	99	0	0.0486
2034	5	100	0	0.0642
2035	5	100	0	0.0648
2036	5	99	0	0.0869
2037	5	98	0	0.0466
2038	5	100	0	0.0603
2039	5	100	0	0.0531
2040	5	100	0	0.0770
2041	6	97	0	0.2536
2042	6	79	0	0.3998
2043	5	99	0	0.2125
2044	6	98	0	0.2301
2045	6	88	0	0.2871
2046	5	96	0	0.2277
2047	6	88	0	0.2834
2048	5	88	0	0.2222
2049	5	100	0	0.0837
2050	5	100	0	0.0841
2051	5	91	0	0.1809
2052	5	100	0	0.0721
2053	5	100	0	0.0616
2054	5	70	0	0.2148
2055	5	97	0	0.0733
2056	5	100	0	0.0452
2057	5	99	0	0.0481
2058	5	100	0	0.0361
2059	5	97	0	0.0610
2060	5	92	0	0.0866
2061	5	97	0	0.0860
2062	5	98	0	0.0574
2063	5	98	0	0.0878
2064	5	90	0	0.0877
2065	5	100	0	0.0637
2066	5	97	0	0.0664
2067	5	100	0	0.0444
2068	5	100	0	0.0712
2069	5	99	0	0.0811
2070	5	99	0	0.0620
2071	5	100	0	0.0561
2072	5	99	0	0.0611
2073	5	100	0	0.0696
2074	5	99	0	0.0653
2075	5	100	0	0.0682
2076	5	100	0	0.0659
2077	5	100	0	0.0775
2078	5	99	0	0.0676
2079	5	99	0	0.0709
2080	5	100	0	0.0785
2081	6	98	0	0.2451
2082	6	97	0	0.2157
2083	6	92	0	0.2940
2084	5	100	0	0.1190
2085	5	100	0	0.1208
2086	6	75	0	0.3451
2087	5	98	0	0.2155
2088	5	100	0	0.0765
2089	5	100	0	0.0549
2090	5	99	0	0.0908
2091	5	96	0	0.1130
2092	5	66	0	0.2379
2093	5	100	0	0.0762
2094	5	99	0	0.0393
2095	5	99	0	0.0767
2096	5	99	0	0.0668
2097	5	99	0	0.0545
2098	5	94	0	0.1113
2099	5	99	0	0.0596
2100	5	94	0	0.0960
2101	5	99	0	0.0286
2102	5	98	0	0.0373
2103	5	96	0	0.0584
2104	5	97	0	0.0809
2105	5	99	0	0.0371
2106	5	98	0	0.0723
2107	5	95	0	0.0840
2108	5	98	0	0.1037
2109	5	100	0	0.0417
2110	5	100	0	0.0639
2111	5	100	0	0.0480
2112	5	99	0	0.0601
2113	5	100	0	0.0552
2114	5	100	0	0.0435
2115	5	99	0	0.0623
2116	5	100	0	0.0743
2117	5	100	0	0.0738
2118	5	100	0	0.0730
2119	5	100	0	0.0470
2120	5	100	0	0.0803
2121	8	90	0	0.4049
2122	6	94	0	0.2701
2123	5	100	0	0.2200
2124	6	73	0	0.4983
2125	6	90	0	0.3159
2126	5	100	0	0.1095
2127	5	98	0	0.1759
2128	5	100	0	0.0689
2129	5	100	0	0.0760
2130	5	99	0	0.1032
2131	5	100	0	0.0915
2132	5	100	0	0.0612
2133	5	95	0	0.1026
2134	5	95	0	0.1203
2135	5	100	0	0.0483
2136	5	99	0	0.0555
2137	5	100	0	0.0370
2138	5	99	0	0.0676
2139	5	94	0	0.0768
2140	5	98	0	0.0599
2141	5	97	0	0.0666
2142	5	93	0	0.0936
2143	5	96	0	0.0617
2144	5	100	0	0.0210
2145	5	93	0	0.0857
2146	5	100	0	0.0316
2147	5	99	0	0.0629
2148	5	100	0	0.0436
2149	5	98	0	0.0574
2150	5	99	0	0.0797
2151	5	100	0	0.0648
2152	5	100	0	0.0868
2153	5	100	0	0.0600
2154	5	99	0	0.0699
2155	5	97	0	0.0905
2156	5	100	0	0.0428
2157	5	99	0	0.0698
2158	5	100	0	0.0645
2159	5	99	0	0.0693
2160	5	100	0	0.0519
2161	7	83	0	0.4103
2162	6	97	0	0.2621
2163	6	95	0	0.2326
2164	6	99	0	0.1899
2165	6	85	0	0.2202
2166	6	88	0	0.3282
2167	6	83	0	0.3231
2168	5	92	0	0.2725
2169	5	100	0	0.1133
2170	5	100	0	0.0906
2171	5	100	0	0.0631
2172	5	97	0	0.1018
2173	5	92	0	0.1454
2174	5	100	0	0.0877
2175	5	99	0	0.0858
2176	5	100	0	0.0515
2177	5	99	0	0.0676
2178	5	99	0	0.0298
2179	5	100	0	0.0313
2180	5	99	0	0.0636
2181	5	93	0	0.0808
2182	5	96	0	0.0743
2183	5	98	0	0.0618
2184	5	98	0	0.0656
2185	5	98	0	0.0609
2186	5	97	0	0.0666
2187	5	98	0	0.0938
2188	5	96	0	0.1020
2189	5	99	0	0.0644
2190	5	99	0	0.0687
2191	5	100	0	0.0498
2192	5	99	0	0.0654
2193	5	99	0	0.0448
2194	5	100	0	0.0544
2195	5	99	0	0.0663
2196	5	100	0	0.0676
2197	5	99	0	0.0700
2198	5	98	0	0.0729
2199	5	100	0	0.0559
2200	5	100	0	0.0496
2201	6	100	0	0.1682
2202	6	96	0	0.2619
2203	6	88	0	0.3116
2204	6	99	0	0.1698
2205	5	100	0	0.1889
2206	5	100	0	0.0768
2207	5	100	0	0.0953
2208	6	90	0	0.2803
2209	5	96	0	0.1507
2210	5	68	0	0.3766
2211	5	99	0	0.0957
2212	5	75	0	0.2287
2213	5	95	0	0.2259
2214	5	100	0	0.0580
2215	5	98	0	0.0604
2216	5	96	0	0.0782
2217	5	99	0	0.0510
2218	5	100	0	0.0461
2219	5	100	0	0.0411
2220	5	100	0	0.0306
2221	5	94	0	0.0833
2222	5	99	0	0.0585
2223	5	99	0	0.0447
2224	5	99	0	0.0357
2225	5	98	0	0.0554
2226	5	98	0	0.0560
2227	5	98	0	0.0735
2228	5	99	0	0.0663
2229	5	99	0	0.0425
2230	5	100	0	0.0588
2231	5	100	0	0.0457
2232	5	100	0	0.0479
2233	5	99	0	0.0552
2234	5	100	0	0.0707
2235	5	99	0	0.0970
2236	5	100	0	0.0578
2237	5	100	0	0.0674
2238	5	100	0	0.0562
2239	5	100	0	0.0312
2240	5	100	0	0.0923
2241	6	88	0	0.3676
2242	6	97	0	0.2368
2243	6	91	0	0.3023
2244	5	100	0	0.0974
2245	6	97	0	0.2790
2246	5	97	0	0.2308
2247	5	100	0	0.0944
2248	5	100	0	0.0965
2249	5	100	0	0.0799
2250	5	99	0	0.1125
2251	5	99	0	0.0808
2252	5	95	0	0.1352
2253	5	100	0	0.0506
2254	5	100	0	0.0431
2255	5	100	0	0.0506
2256	5	98	0	0.0912
2257	5	99	0	0.0567
2258	5	99	0	0.0376
2259	5	100	0	0.0438
2260	5	100	0	0.0330
2261	5	94	0	0.0767
2262	5	97	0	0.0742
2263	5	99	0	0.0493
2264	5	99	0	0.0385
2265	5	100	0	0.0451
2266	5	99	0	0.0742
2267	5	100	0	0.0707
2268	5	99	0	0.0500
2269	5	100	0	0.0369
2270	5	100	0	0.0403
2271	5	98	0	0.0693
2272	5	98	0	0.0644
2273	5	99	0	0.0749
2274	5	100	0	0.0734
2275	5	100	0	0.0763
2276	5	100	0	0.0741
2277	5	100	0	0.0675
2278	5	100	0	0.0477
2279	5	100	0	0.0682
2280	5	100	0	0.0559
2281	6	100	0	0.2275
2282	6	100	0	0.2222
2283	6	73	0	0.4427
2284	5	100	0	0.1441
2285	5	100	0	0.0899
2286	6	98	0	0.2496
2287	6	96	0	0.2113
2288	5	100	0	0.0720
2289	5	99	0	0.0938
2290	5	99	0	0.0827
2291	5	98	0	0.0963
2292	5	100	0	0.0405
2293	5	100	0	0.0522
2294	5	100	0	0.0378
2295	5	98	0	0.0619
2296	5	99	0	0.0592
2297	5	100	0	0.0513
2298	5	100	0	0.0507
2299	5	98	0	0.0539
2300	5	99	0	0.0469
2301	5	87	0	0.1263
2302	5	99	0	0.0576
2303	5	99	0	0.0625
2304	5	95	0	0.0898
2305	5	92	0	0.1130
2306	5	100	0	0.0445
2307	5	95	0	0.0783
2308	5	100	0	0.0285
2309	5	100	0	0.0493
2310	5	98	0	0.0907
2311	5	100	0	0.0533
2312	5	100	0	0.0405
2313	5	98	0	0.0722
2314	5	100	0	0.0764
2315	5	100	0	0.0686
2316	5	99	0	0.0690
2317	5	100	0	0.0768
2318	5	99	0	0.0527
2319	5	100	0	0.0403
2320	5	100	0	0.0576
2321	6	99	0	0.2034
2322	6	75	0	0.4127
2323	6	97	0	0.2211
2324	5	100	0	0.1107
2325	5	100	0	0.1021
2326	6	81	0	0.3405
2327	5	99	0	0.1262
2328	5	74	0	0.3808
2329	6	96	0	0.2094
2330	5	100	0	0.0779
2331	5	97	0	0.1545
2332	5	98	0	0.1230
2333	5	99	0	0.0603
2334	5	100	0	0.0388
2335	5	99	0	0.0503
2336	5	97	0	0.0644
2337	5	98	0	0.0661
2338	5	100	0	0.0498
2339	5	100	0	0.0396
2340	5	98	0	0.0640
2341	5	98	0	0.0634
2342	5	99	0	0.0497
2343	5	99	0	0.0564
2344	5	100	0	0.0420
2345	5	100	0	0.0484
2346	5	100	0	0.0345
2347	5	98	0	0.0550
2348	5	99	0	0.0576
2349	5	99	0	0.0648
2350	5	99	0	0.0532
2351	5	99	0	0.0697
2352	5	100	0	0.0264
2353	5	98	0	0.0922
2354	5	100	0	0.0444
2355	5	100	0	0.0564
2356	5	100	0	0.0717
2357	5	100	0	0.0385
2358	5	100	0	0.0455
2359	5	100	0	0.0642
2360	5	100	0	0.0405
2361	6	81	0	0.3618
2362	6	77	0	0.3802
2363	5	100	0	0.1142
2364	6	99	0	0.2419
2365	5	100	0	0.1151
2366	6	63	0	0.4227
2367	5	100	0	0.0718
2368	5	99	0	0.1277
2369	5	100	0	0.1031
2370	5	100	0	0.0692
2371	5	97	0	0.1199
2372	5	100	0	0.0699
2373	5	100	0	0.0304
2374	5	100	0	0.0498
2375	5	100	0	0.0323
2376	5	100	0	0.0343
2377	5	99	0	0.0498
2378	5	100	0	0.0420
2379	5	99	0	0.0675
2380	5	97	0	0.0784
2381	5	96	0	0.0684
2382	5	97	0	0.0678
2383	5	98	0	0.0576
2384	5	99	0	0.0488
2385	5	98	0	0.0578
2386	5	99	0	0.0492
2387	5	100	0	0.0487
2388	5	100	0	0.0364
2389	5	100	0	0.0261
2390	5	100	0	0.0616
2391	5	100	0	0.0241
2392	5	100	0	0.0321
2393	5	100	0	0.0554
2394	5	100	0	0.0429
2395	5	100	0	0.0444
2396	5	100	0	0.0555
2397	5	100	0	0.0647
2398	5	100	0	0.0369
2399	5	100	0	0.0764
2400	5	100	0	0.0685
2401	6	84	0	0.3556
2402	6	100	0	0.1944
2403	6	100	0	0.1736
2404	5	100	0	0.1089
2405	6	99	0	0.2145
2406	5	100	0	0.1068
2407	5	92	0	0.2571
2408	5	100	0	0.0686
2409	5	100	0	0.0978
2410	5	98	0	0.1181
2411	5	100	0	0.0820
2412	5	97	0	0.0999
2413	5	100	0	0.0243
2414	5	99	0	0.0463
2415	5	99	0	0.0858
2416	5	99	0	0.0744
2417	5	98	0	0.0667
2418	5	98	0	0.0888
2419	5	100	0	0.0276
2420	5	94	0	0.0777
2421	5	97	0	0.0677
2422	5	100	0	0.0499
2423	5	98	0	0.0338
2424	5	99	0	0.0376
2425	5	99	0	0.0548
2426	5	99	0	0.0449
2427	5	100	0	0.0519
2428	5	100	0	0.0532
2429	5	97	0	0.0694
2430	5	100	0	0.0405
2431	5	98	0	0.0838
2432	5	99	0	0.0434
2433	5	99	0	0.0486
2434	5	100	0	0.0533
2435	5	100	0	0.0560
2436	5	100	0	0.0429
2437	5	100	0	0.0558
2438	5	100	0	0.0471
2439	5	100	0	0.0472
2440	5	100	0	0.0580
2441	6	100	0	0.2230
2442	7	91	0	0.3394
2443	7	67	0	0.3884
2444	5	100	0	0.0993
2445	5	100	0	0.0994
2446	6	97	0	0.1976
2447	5	100	0	0.0875
2448	5	100	0	0.1605
2449	5	99	0	0.1841
2450	5	100	0	0.0676
2451	5	100	0	0.0522
2452	5	100	0	0.0927
2453	5	99	0	0.0694
2454	5	100	0	0.0430
2455	5	100	0	0.0784
2456	5	96	0	0.1087
2457	5	100	0	0.0286
2458	5	100	0	0.0409
2459	5	100	0	0.0308
2460	5	100	0	0.0632
2461	5	99	0	0.0288
2462	5	97	0	0.0778
2463	5	94	0	0.0960
2464	5	99	0	0.0393
2465	5	100	0	0.0316
2466	5	100	0	0.0623
2467	5	99	0	0.0546
2468	5	98	0	0.0710
2469	5	97	0	0.0592
2470	5	100	0	0.0455
2471	5	100	0	0.0501
2472	5	100	0	0.0387
2473	5	99	0	0.0537
2474	5	98	0	0.0983
2475	5	100	0	0.0505
2476	5	100	0	0.0513
2477	5	100	0	0.0436
2478	5	100	0	0.0471
2479	5	100	0	0.0757
2480	5	99	0	0.0671
2481	6	83	0	0.3341
2482	5	100	0	0.1824
2483	6	99	0	0.2194
2484	6	54	0	0.4133
2485	5	100	0	0.1533
2486	6	92	0	0.2992
2487	5	100	0	0.0652
2488	5	100	0	0.0921
2489	5	100	0	0.1038
2490	5	100	0	0.0664
2491	5	100	0	0.0411
2492	5	100	0	0.0580
2493	5	100	0	0.0508
2494	5	100	0	0.0542
2495	5	99	0	0.0537
2496	5	100	0	0.0479
2497	5	100	0	0.0387
2498	5	100	0	0.0614
2499	5	100	0	0.0471
2500	5	99	0	0.0338
2501	5	96	0	0.0730
2502	5	100	0	0.0500
2503	5	100	0	0.0392
2504	5	99	0	0.0562
2505	5	100	0	0.0172
2506	5	100	0	0.0343
2507	5	98	0	0.0609
2508	5	100	0	0.0276
2509	5	100	0	0.0218
2510	5	99	0	0.0464
2511	5	100	0	0.0386
2512	5	100	0	0.0350
2513	5	100	0	0.0643
2514	5	100	0	0.0349
2515	5	100	0	0.0556
2516	5	100	0	0.0421
2517	5	98	0	0.0612
2518	5	100	0	0.0818
2519	5	100	0	0.0421
2520	5	100	0	0.0517
2521	6	99	0	0.2509
2522	6	99	0	0.2619
2523	6	100	0	0.2168
2524	6	98	0	0.2556
2525	5	100	0	0.1163
2526	5	100	0	0.0531
2527	5	100	0	0.0606
2528	5	100	0	0.1012
2529	5	100	0	0.0503
2530	5	100	0	0.0587
2531	5	100	0	0.0276
2532	5	100	0	0.0665
2533	5	100	0	0.0596
2534	5	98	0	0.0711
2535	5	100	0	0.0444
2536	5	100	0	0.0441
2537	5	100	0	0.0580
2538	5	100	0	0.0487
2539	5	100	0	0.0485
2540	5	99	0	0.0502
2541	5	100	0	0.0419
2542	5	99	0	0.0455
2543	5	100	0	0.0378
2544	5	100	0	0.0337
2545	5	97	0	0.0529
2546	5	97	0	0.0516
2547	5	97	0	0.0816
2548	5	100	0	0.0369
2549	5	100	0	0.0485
2550	5	100	0	0.0440
2551	5	100	0	0.0445
2552	5	99	0	0.0687
2553	5	100	0	0.0493
2554	5	100	0	0.0462
2555	5	100	0	0.0597
2556	5	100	0	0.0609
2557	5	100	0	0.0548
2558	5	100	0	0.0435
2559	5	100	0	0.0482
2560	5	100	0	0.0533
2561	6	99	0	0.1379
2562	5	100	0	0.1914
2563	6	100	0	0.1716
2564	5	100	0	0.1217
2565	5	100	0	0.1880
2566	5	99	0	0.0887
2567	5	100	0	0.0775
2568	5	100	0	0.0767
2569	5	100	0	0.0443
2570	5	100	0	0.0616
2571	5	100	0	0.0560
2572	5	100	0	0.0329
2573	5	100	0	0.0699
2574	5	100	0	0.0327
2575	5	100	0	0.0549
2576	5	100	0	0.0433
2577	5	100	0	0.0390
2578	5	98	0	0.0471
2579	5	100	0	0.0316
2580	5	98	0	0.0506
2581	5	100	0	0.0507
2582	5	100	0	0.0368
2583	5	99	0	0.0396
2584	5	99	0	0.0420
2585	5	100	0	0.0289
2586	5	97	0	0.0544
2587	5	100	0	0.0214
2588	5	100	0	0.0423
2589	5	100	0	0.0530
2590	5	99	0	0.0787
2591	5	100	0	0.0449
2592	5	100	0	0.0503
2593	5	100	0	0.0570
2594	5	100	0	0.0589
2595	5	100	0	0.0611
2596	5	100	0	0.0381
2597	5	100	0	0.0485
2598	5	100	0	0.0326
2599	5	100	0	0.0581
2600	5	100	0	0.0472
2601	7	93	0	0.3273
2602	6	100	0	0.1955
2603	6	73	0	0.3762
2604	6	94	0	0.2258
2605	6	100	0	0.1596
2606	5	100	0	0.0945
2607	5	100	0	0.0801
2608	5	100	0	0.0645
2609	5	100	0	0.0905
2610	5	100	0	0.0726
2611	5	100	0	0.0344
2612	5	100	0	0.0663
2613	5	98	0	0.1253
2614	5	100	0	0.0679
2615	5	100	0	0.0387
2616	5	100	0	0.0444
2617	5	100	0	0.0435
2618	5	99	0	0.0632
2619	5	100	0	0.0511
2620	5	100	0	0.0215
2621	5	99	0	0.0447
2622	5	99	0	0.0357
2623	5	95	0	0.0820
2624	5	100	0	0.0286
2625	5	96	0	0.0695
2626	5	100	0	0.0494
2627	5	98	0	0.0421
2628	5	100	0	0.0325
2629	5	98	0	0.0699
2630	5	100	0	0.0420
2631	5	100	0	0.0297
2632	5	100	0	0.0598
2633	5	100	0	0.0584
2634	5	100	0	0.0475
2635	5	100	0	0.0416
2636	5	100	0	0.0398
2637	5	100	0	0.0466
2638	5	100	0	0.0461
2639	5	100	0	0.0592
2640	5	100	0	0.0557
2641	6	100	0	0.2099
2642	6	99	0	0.2375
2643	7	85	0	0.3763
2644	6	65	0	0.4746
2645	6	100	0	0.1569
2646	5	91	0	0.2713
2647	5	100	0	0.1222
2648	6	87	0	0.2622
2649	5	100	0	0.1958
2650	5	100	0	0.0765
2651	5	100	0	0.0603
2652	5	100	0	0.0496
2653	5	100	0	0.0384
2654	5	100	0	0.0593
2655	5	100	0	0.0338
2656	5	97	0	0.0858
2657	5	100	0	0.0221
2658	5	99	0	0.0389
2659	5	100	0	0.0313
2660	5	100	0	0.0327
2661	5	100	0	0.0421
2662	5	100	0	0.0516
2663	5	100	0	0.0331
2664	5	100	0	0.0497
2665	5	100	0	0.0359
2666	5	100	0	0.0406
2667	5	100	0	0.0288
2668	5	100	0	0.0459
2669	5	100	0	0.0292
2670	5	100	0	0.0485
2671	5	100	0	0.0374
2672	5	100	0	0.0447
2673	5	100	0	0.0407
2674	5	100	0	0.0407
2675	5	100	0	0.0490
2676	5	100	0	0.0508
2677	5	100	0	0.0439
2678	5	100	0	0.0429
2679	5	100	0	0.0383
2680	5	100	0	0.0559
2681	6	100	0	0.1702
2682	6	99	0	0.2639
2683	5	100	0	0.0782
2684	5	100	0	0.1730
2685	5	100	0	0.1243
2686	5	100	0	0.1163
2687	5	100	0	0.0915
2688	5	100	0	0.0759
2689	5	100	0	0.0567
2690	5	100	0	0.0784
2691	5	100	0	0.0534
2692	5	100	0	0.0504
2693	5	99	0	0.0641
2694	5	100	0	0.0332
2695	5	100	0	0.0564
2696	5	100	0	0.0707
2697	5	100	0	0.0192
2698	5	100	0	0.0539
2699	5	100	0	0.0258
2700	5	100	0	0.0301
2701	5	100	0	0.0285
2702	5	100	0	0.0240
2703	5	96	0	0.0515
2704	5	98	0	0.0483
2705	5	99	0	0.0600
2706	5	100	0	0.0287
2707	5	99	0	0.0544
2708	5	99	0	0.0444
2709	5	99	0	0.0456
2710	5	100	0	0.0467
2711	5	100	0	0.0231
2712	5	100	0	0.0331
2713	5	100	0	0.0409
2714	5	99	0	0.0614
2715	5	100	0	0.0391
2716	5	100	0	0.0309
2717	5	99	0	0.0643
2718	5	99	0	0.0654
2719	5	99	0	0.0568
2720	5	100	0	0.0362
2721	6	100	0	0.1995
2722	6	90	0	0.3430
2723	6	100	0	0.1853
2724	5	100	0	0.0895
2725	5	100	0	0.1816
2726	5	100	0	0.1593
2727	5	100	0	0.0763
2728	5	100	0	0.0470
2729	5	100	0	0.1144
2730	5	100	0	0.0638
2731	5	100	0	0.0710
2732	5	100	0	0.0980
2733	5	100	0	0.0650
2734	5	100	0	0.0336
2735	5	100	0	0.0723
2736	5	100	0	0.0778
2737	5	100	0	0.0516
2738	5	100	0	0.0443
2739	5	99	0	0.0491
2740	5	100	0	0.0408
2741	5	97	0	0.0418
2742	5	100	0	0.0100
2743	5	100	0	0.0255
2744	5	100	0	0.0255
2745	5	100	0	0.0346
2746	5	100	0	0.0407
2747	5	100	0	0.0302
2748	5	100	0	0.0324
2749	5	100	0	0.0459
2750	5	100	0	0.0367
2751	5	100	0	0.0429
2752	5	100	0	0.0367
2753	5	100	0	0.0472
2754	5	100	0	0.0543
2755	5	100	0	0.0406
2756	5	100	0	0.0444
2757	5	100	0	0.0446
2758	5	100	0	0.0244
2759	5	100	0	0.0605
2760	5	100	0	0.0507
2761	6	95	0	0.3156
2762	6	100	0	0.1544
2763	6	99	0	0.2356
2764	5	100	0	0.1424
2765	5	100	0	0.1963
2766	5	100	0	0.0635
2767	5	99	0	0.1713
2768	5	100	0	0.1003
2769	5	100	0	0.0622
2770	5	100	0	0.0862
2771	5	100	0	0.0666
2772	5	100	0	0.0534
2773	5	100	0	0.0707
2774	5	100	0	0.0554
2775	5	100	0	0.0371
2776	5	100	0	0.0314
2777	5	99	0	0.0561
2778	5	100	0	0.0325
2779	5	100	0	0.0410
2780	5	100	0	0.0310
2781	5	99	0	0.0312
2782	5	100	0	0.0304
2783	5	99	0	0.0414
2784	5	100	0	0.0326
2785	5	99	0	0.0534
2786	5	100	0	0.0312
2787	5	100	0	0.0491
2788	5	100	0	0.0461
2789	5	100	0	0.0432
2790	5	100	0	0.0377
2791	5	100	0	0.0328
2792	5	100	0	0.0407
2793	5	100	0	0.0467
2794	5	100	0	0.0380
2795	5	100	0	0.0271
2796	5	100	0	0.0526
2797	5	100	0	0.0520
2798	5	100	0	0.0466
2799	5	100	0	0.0408
2800	5	100	0	0.0504
2801	6	100	0	0.1776
2802	6	100	0	0.1812
2803	6	99	0	0.2379
2804	6	100	0	0.2422
2805	5	100	0	0.1622
2806	5	99	0	0.2214
2807	5	100	0	0.0542
2808	5	100	0	0.0550
2809	6	100	0	0.1904
2810	5	100	0	0.0819
2811	5	100	0	0.0481
2812	5	100	0	0.0464
2813	5	100	0	0.0569
2814	5	100	0	0.0292
2815	5	100	0	0.0377
2816	5	100	0	0.0331
2817	5	100	0	0.0374
2818	5	100	0	0.0316
2819	5	100	0	0.0388
2820	5	100	0	0.0348
2821	5	100	0	0.0160
2822	5	100	0	0.0388
2823	5	99	0	0.0383
2824	5	100	0	0.0289
2825	5	99	0	0.0529
2826	5	100	0	0.0505
2827	5	100	0	0.0290
2828	5	98	0	0.0582
2829	5	100	0	0.0300
2830	5	100	0	0.0426
2831	5	100	0	0.0437
2832	5	99	0	0.0353
2833	5	100	0	0.0322
2834	5	100	0	0.0495
2835	5	100	0	0.0544
2836	5	100	0	0.0473
2837	5	100	0	0.0542
2838	5	100	0	0.0463
2839	5	100	0	0.0325
2840	5	100	0	0.0345
2841	6	100	0	0.1870
2842	6	99	0	0.2175
2843	6	99	0	0.2007
2844	5	100	0	0.1758
2845	5	100	0	0.1198
2846	6	99	0	0.1651
2847	5	100	0	0.0598
2848	5	100	0	0.1764
2849	5	100	0	0.0854
2850	5	100	0	0.1196
2851	5	100	0	0.0573
2852	5	100	0	0.0330
2853	5	100	0	0.0388
2854	5	100	0	0.0758
2855	5	100	0	0.0443
2856	5	100	0	0.0403
2857	5	100	0	0.0470
2858	5	100	0	0.0357
2859	5	100	0	0.0283
2860	5	100	0	0.0400
2861	5	100	0	0.0262
2862	5	99	0	0.0606
2863	5	100	0	0.0310
2864	5	99	0	0.0441
2865	5	100	0	0.0334
2866	5	100	0	0.0255
2867	5	100	0	0.0313
2868	5	100	0	0.0478
2869	5	99	0	0.0457
2870	5	100	0	0.0307
2871	5	100	0	0.0459
2872	5	100	0	0.0213
2873	5	100	0	0.0405
2874	5	100	0	0.0232
2875	5	100	0	0.0437
2876	5	100	0	0.0500
2877	5	100	0	0.0448
2878	5	100	0	0.0591
2879	5	100	0	0.0438
2880	5	100	0	0.0576
2881	6	100	0	0.1711
2882	6	100	0	0.2157
2883	6	100	0	0.1682
2884	5	100	0	0.1992
2885	6	96	0	0.2642
2886	5	100	0	0.0947
2887	5	100	0	0.0465
2888	5	100	0	0.0875
2889	5	100	0	0.0794
2890	5	100	0	0.1936
2891	6	98	0	0.2032
2892	5	100	0	0.0483
2893	5	100	0	0.0616
2894	5	100	0	0.0939
2895	5	100	0	0.0428
2896	5	100	0	0.0420
2897	5	100	0	0.0795
2898	5	100	0	0.0249
2899	5	100	0	0.0321
2900	5	100	0	0.0361
2901	5	100	0	0.0485
2902	5	100	0	0.0356
2903	5	100	0	0.0428
2904	5	100	0	0.0353
2905	5	100	0	0.0610
2906	5	100	0	0.0130
2907	5	100	0	0.0318
2908	5	99	0	0.0383
2909	5	100	0	0.0572
2910	5	100	0	0.0271
2911	5	100	0	0.0477
2912	5	100	0	0.0387
2913	5	100	0	0.0516
2914	5	100	0	0.0416
2915	5	99	0	0.0602
2916	5	100	0	0.0382
2917	5	100	0	0.0347
2918	5	100	0	0.0517
2919	5	100	0	0.0436
2920	5	100	0	0.0271
2921	7	93	0	0.3228
2922	6	99	0	0.2009
2923	5	100	0	0.1682
2924	6	100	0	0.2144
2925	5	100	0	0.1958
2926	5	100	0	0.2169
2927	5	100	0	0.0506
2928	5	100	0	0.0544
2929	5	100	0	0.0565
2930	5	100	0	0.0842
2931	5	100	0	0.0877
2932	5	100	0	0.0832
2933	6	98	0	0.2225
2934	5	100	0	0.0272
2935	5	100	0	0.0633
2936	5	100	0	0.0296
2937	5	98	0	0.0903
2938	5	100	0	0.0578
2939	5	100	0	0.0271
2940	5	100	0	0.0196
2941	5	100	0	0.0292
2942	5	99	0	0.0641
2943	5	100	0	0.0218
2944	5	100	0	0.0331
2945	5	100	0	0.0379
2946	5	99	0	0.0443
2947	5	100	0	0.0336
2948	5	100	0	0.0346
2949	5	100	0	0.0417
2950	5	100	0	0.0322
2951	5	99	0	0.0622
2952	5	100	0	0.0250
2953	5	100	0	0.0425
2954	5	100	0	0.0518
2955	5	100	0	0.0262
2956	5	100	0	0.0289
2957	5	100	0	0.0480
2958	5	100	0	0.0417
2959	5	100	0	0.0386
2960	5	100	0	0.0333
2961	7	98	0	0.3093
2962	6	100	0	0.2398
2963	6	99	0	0.1655
2964	6	100	0	0.1855
2965	6	94	0	0.2764
2966	5	100	0	0.0773
2967	6	88	0	0.3203
2968	5	100	0	0.0457
2969	5	100	0	0.0692
2970	5	100	0	0.0921
2971	5	100	0	0.0468
2972	5	100	0	0.0521
2973	5	100	0	0.0716
2974	5	100	0	0.0372
2975	5	100	0	0.0368
2976	5	99	0	0.0537
2977	5	100	0	0.1075
2978	5	100	0	0.0280
2979	5	100	0	0.0237
2980	5	100	0	0.0453
2981	5	99	0	0.0562
2982	5	100	0	0.0369
2983	5	98	0	0.0551
2984	5	100	0	0.0302
2985	5	100	0	0.0260
2986	5	100	0	0.0278
2987	5	99	0	0.0641
2988	5	100	0	0.0429
2989	5	99	0	0.0282
2990	5	100	0	0.0305
2991	5	100	0	0.0317
2992	5	99	0	0.0419
2993	5	99	0	0.0441
2994	5	100	0	0.0414
2995	5	100	0	0.0462
2996	5	100	0	0.0390
2997	5	100	0	0.0599
2998	5	100	0	0.0571
2999	5	100	0	0.0297
3000	5	100	0	0.0612
3001	6	100	0	0.1867
3002	6	88	0	0.3447
3003	6	99	0	0.1821
3004	6	100	0	0.2055
3005	6	98	0	0.2669
3006	6	94	0	0.2566
3007	5	100	0	0.0794
3008	5	100	0	0.0294
3009	5	100	0	0.0626
3010	5	100	0	0.0448
3011	5	99	0	0.0913
3012	5	98	0	0.1891
3013	5	100	0	0.1313
3014	5	100	0	0.0293
3015	5	100	0	0.0925
3016	5	100	0	0.0338
3017	5	100	0	0.0566
3018	5	100	0	0.0220
3019	5	100	0	0.0268
3020	5	100	0	0.0395
3021	5	100	0	0.0585
3022	5	100	0	0.0473
3023	5	100	0	0.0323
3024	5	100	0	0.0225
3025	5	100	0	0.0370
3026	5	100	0	0.0326
3027	5	99	0	0.0347
3028	5	100	0	0.0420
3029	5	99	0	0.0367
3030	5	100	0	0.0408
3031	5	100	0	0.0373
3032	5	100	0	0.0340
3033	5	99	0	0.0572
3034	5	100	0	0.0259
3035	5	99	0	0.0474
3036	5	100	0	0.0402
3037	5	100	0	0.0583
3038	5	100	0	0.0388
3039	5	100	0	0.0423
3040	5	100	0	0.0729
3041	6	93	0	0.3043
3042	7	96	0	0.3160
3043	6	100	0	0.2588
3044	6	100	0	0.2072
3045	5	100	0	0.1132
3046	5	100	0	0.1982
3047	6	100	0	0.2080
3048	5	100	0	0.1113
3049	5	97	0	0.2600
3050	5	100	0	0.0878
3051	5	100	0	0.0375
3052	5	100	0	0.0657
3053	5	100	0	0.0382
3054	5	100	0	0.0739
3055	5	100	0	0.0466
3056	5	100	0	0.0438
3057	5	100	0	0.0531
3058	5	99	0	0.0267
3059	5	100	0	0.0175
3060	5	100	0	0.0381
3061	5	100	0	0.0237
3062	5	100	0	0.0144
3063	5	100	0	0.0411
3064	5	100	0	0.0370
3065	5	100	0	0.0282
3066	5	100	0	0.0393
3067	5	100	0	0.0472
3068	5	100	0	0.0409
3069	5	100	0	0.0489
3070	5	100	0	0.0293
3071	5	100	0	0.0230
3072	5	100	0	0.0490
3073	5	100	0	0.0418
3074	5	99	0	0.0464
3075	5	100	0	0.0286
3076	5	100	0	0.0283
3077	5	100	0	0.0434
3078	5	100	0	0.0356
3079	5	100	0	0.0710
3080	5	100	0	0.0357
3081	6	94	0	0.2958
3082	6	100	0	0.2036
3083	6	99	0	0.2178
3084	6	100	0	0.2017
3085	5	100	0	0.1689
3086	5	100	0	0.1769
3087	5	100	0	0.1631
3088	5	100	0	0.0602
3089	5	100	0	0.0411
3090	5	100	0	0.0765
3091	5	100	0	0.0446
3092	5	100	0	0.0450
3093	5	100	0	0.0517
3094	5	100	0	0.0468
3095	5	100	0	0.0471
3096	5	100	0	0.0478
3097	5	100	0	0.0360
3098	5	100	0	0.0282
3099	5	100	0	0.0472
3100	5	100	0	0.0388
3101	5	100	0	0.0296
3102	5	99	0	0.0258
3103	5	100	0	0.0376
3104	5	100	0	0.0292
3105	5	100	0	0.0370
3106	5	100	0	0.0427
3107	5	100	0	0.0211
3108	5	100	0	0.0398
3109	5	100	0	0.0432
3110	5	100	0	0.0287
3111	5	100	0	0.0200
3112	5	100	0	0.0395
3113	5	100	0	0.0350
3114	5	100	0	0.0179
3115	5	100	0	0.0423
3116	5	100	0	0.0284
3117	5	100	0	0.0235
3118	5	100	0	0.0500
3119	5	100	0	0.0487
3120	5	100	0	0.0228
3121	6	100	0	0.1807
3122	6	100	0	0.2398
3123	6	99	0	0.2495
3124	6	99	0	0.2169
3125	6	98	0	0.2641
3126	5	100	0	0.0917
3127	5	100	0	0.0698
3128	5	100	0	0.0561
3129	5	100	0	0.1002
3130	5	100	0	0.0498
3131	5	100	0	0.0600
3132	5	100	0	0.0384
3133	5	100	0	0.0498
3134	5	100	0	0.0285
3135	5	100	0	0.0848
3136	5	100	0	0.0658
3137	5	100	0	0.0361
3138	5	100	0	0.0326
3139	5	100	0	0.0392
3140	5	100	0	0.0231
3141	5	99	0	0.0565
3142	5	100	0	0.0226
3143	5	98	0	0.0601
3144	5	100	0	0.0224
3145	5	100	0	0.0362
3146	5	99	0	0.0386
3147	5	100	0	0.0294
3148	5	100	0	0.0239
3149	5	100	0	0.0320
3150	5	100	0	0.0384
3151	5	100	0	0.0122
3152	5	100	0	0.0394
3153	5	99	0	0.0586
3154	5	100	0	0.0373
3155	5	100	0	0.0385
3156	5	100	0	0.0510
3157	5	100	0	0.0214
3158	5	100	0	0.0462
3159	5	100	0	0.0279
3160	5	100	0	0.0259
3161	6	98	0	0.3081
3162	6	94	0	0.2910
3163	6	100	0	0.1721
3164	5	100	0	0.1681
3165	5	100	0	0.1450
3166	5	100	0	0.1090
3167	5	100	0	0.1584
3168	5	100	0	0.0830
3169	5	100	0	0.0442
3170	6	100	0	0.2051
3171	5	100	0	0.0564
3172	5	100	0	0.0456
3173	5	100	0	0.0475
3174	5	100	0	0.0346
3175	5	100	0	0.0175
3176	5	100	0	0.0487
3177	5	100	0	0.0237
3178	5	100	0	0.0316
3179	5	100	0	0.0297
3180	5	100	0	0.0186
3181	5	100	0	0.0294
3182	5	100	0	0.0364
3183	5	100	0	0.0387
3184	5	99	0	0.0416
3185	5	100	0	0.0297
3186	5	100	0	0.0309
3187	5	100	0	0.0368
3188	5	100	0	0.0350
3189	5	100	0	0.0306
3190	5	100	0	0.0343
3191	5	100	0	0.0496
3192	5	100	0	0.0291
3193	5	100	0	0.0335
3194	5	100	0	0.0309
3195	5	100	0	0.0353
3196	5	100	0	0.0449
3197	5	100	0	0.0438
3198	5	100	0	0.0359
3199	5	100	0	0.0284
3200	5	100	0	0.0381
3201	7	92	0	0.3079
3202	6	100	0	0.2273
3203	7	93	0	0.3020
3204	6	99	0	0.1532
3205	5	100	0	0.1106
3206	6	99	0	0.2486
3207	5	100	0	0.0793
3208	5	100	0	0.0834
3209	5	100	0	0.0889
3210	6	100	0	0.2020
3211	6	95	0	0.2687
3212	5	100	0	0.0260
3213	5	100	0	0.0354
3214	5	100	0	0.0259
3215	5	100	0	0.0477
3216	5	100	0	0.0286
3217	5	100	0	0.0286
3218	5	100	0	0.0521
3219	5	100	0	0.0338
3220	5	100	0	0.0384
3221	5	100	0	0.0319
3222	5	100	0	0.0247
3223	5	99	0	0.0434
3224	5	100	0	0.0378
3225	5	100	0	0.0296
3226	5	100	0	0.0215
3227	5	100	0	0.0395
3228	5	100	0	0.0385
3229	5	100	0	0.0343
3230	5	100	0	0.0349
3231	5	100	0	0.0270
3232	5	100	0	0.0380
3233	5	100	0	0.0342
3234	5	100	0	0.0215
3235	5	100	0	0.0557
3236	5	100	0	0.0260
3237	5	100	0	0.0344
3238	5	100	0	0.0447
3239	5	100	0	0.0476
3240	5	100	0	0.0353
3241	7	88	0	0.2855
3242	6	100	0	0.2177
3243	5	100	0	0.1310
3244	5	100	0	0.1059
3245	5	100	0	0.0704
3246	5	100	0	0.0834
3247	5	100	0	0.0488
3248	5	100	0	0.1018
3249	5	95	0	0.2386
3250	5	100	0	0.0547
3251	5	100	0	0.0614
3252	5	100	0	0.0427
3253	5	100	0	0.0322
3254	5	100	0	0.0271
3255	5	100	0	0.0469
3256	5	100	0	0.0484
3257	5	100	0	0.0480
3258	5	100	0	0.0369
3259	5	100	0	0.0251
3260	5	100	0	0.0219
3261	5	100	0	0.0539
3262	5	100	0	0.0278
3263	5	100	0	0.0252
3264	5	100	0	0.0303
3265	5	100	0	0.0435
3266	5	100	0	0.0249
3267	5	100	0	0.0331
3268	5	100	0	0.0314
3269	5	99	0	0.0352
3270	5	100	0	0.0309
3271	5	100	0	0.0356
3272	5	100	0	0.0292
3273	5	100	0	0.0405
3274	5	100	0	0.0357
3275	5	100	0	0.0437
3276	5	100	0	0.0306
3277	5	100	0	0.0361
3278	5	100	0	0.0397
3279	5	100	0	0.0349
3280	5	100	0	0.0641
3281	6	92	0	0.2969
3282	6	100	0	0.1528
3283	5	100	0	0.1760
3284	5	100	0	0.1496
3285	5	100	0	0.0829
3286	5	100	0	0.0587
3287	5	100	0	0.0815
3288	6	98	0	0.2511
3289	5	100	0	0.1850
3290	5	100	0	0.1687
3291	5	100	0	0.0497
3292	5	100	0	0.0255
3293	5	100	0	0.0363
3294	5	100	0	0.0336
3295	5	100	0	0.0326
3296	5	100	0	0.0346
3297	5	100	0	0.0452
3298	5	98	0	0.0917
3299	5	100	0	0.0293
3300	5	100	0	0.0109
3301	5	99	0	0.0348
3302	5	100	0	0.0544
3303	5	100	0	0.0305
3304	5	100	0	0.0410
3305	5	100	0	0.0189
3306	5	100	0	0.0255
3307	5	100	0	0.0420
3308	5	100	0	0.0252
3309	5	100	0	0.0294
3310	5	100	0	0.0439
3311	5	100	0	0.0157
3312	5	100	0	0.0322
3313	5	100	0	0.0252
3314	5	100	0	0.0242
3315	5	100	0	0.0232
3316	5	100	0	0.0326
3317	5	100	0	0.0249
3318	5	100	0	0.0373
3319	5	100	0	0.0203
3320	5	100	0	0.0394
3321	6	100	0	0.1864
3322	6	100	0	0.1969
3323	6	100	0	0.1579
3324	5	100	0	0.0688
3325	5	100	0	0.0712
3326	6	99	0	0.2177
3327	5	100	0	0.0692
3328	5	100	0	0.0302
3329	5	100	0	0.1053
3330	5	100	0	0.0361
3331	5	100	0	0.0650
3332	5	100	0	0.0381
3333	5	100	0	0.0647
3334	5	100	0	0.0580
3335	5	100	0	0.0214
3336	5	100	0	0.0696
3337	5	100	0	0.0349
3338	5	100	0	0.0330
3339	5	100	0	0.0399
3340	5	99	0	0.0480
3341	5	100	0	0.0276
3342	5	100	0	0.0321
3343	5	100	0	0.0397
3344	5	100	0	0.0308
3345	5	100	0	0.0188
3346	5	100	0	0.0336
3347	5	100	0	0.0217
3348	5	100	0	0.0317
3349	5	100	0	0.0303
3350	5	100	0	0.0346
3351	5	100	0	0.0470
3352	5	100	0	0.0448
3353	5	100	0	0.0362
3354	5	100	0	0.0248
3355	5	100	0	0.0330
3356	5	100	0	0.0372
3357	5	100	0	0.0383
3358	5	100	0	0.0305
3359	5	100	0	0.0462
3360	5	100	0	0.0247
3361	6	96	0	0.2931
3362	6	100	0	0.1556
3363	6	100	0	0.2001
3364	6	100	0	0.1819
3365	5	100	0	0.1324
3366	6	100	0	0.1955
3367	5	100	0	0.0707
3368	5	100	0	0.0432
3369	5	100	0	0.0730
3370	5	100	0	0.0562
3371	5	100	0	0.0485
3372	5	100	0	0.0392
3373	5	100	0	0.0563
3374	5	100	0	0.0277
3375	5	100	0	0.0453
3376	5	100	0	0.0299
3377	5	100	0	0.0319
3378	5	100	0	0.0440
3379	5	100	0	0.0350
3380	5	100	0	0.0240
3381	5	100	0	0.0272
3382	5	100	0	0.0334
3383	5	100	0	0.0355
3384	5	100	0	0.0636
3385	5	100	0	0.0401
3386	5	100	0	0.0373
3387	5	100	0	0.0323
3388	5	100	0	0.0194
3389	5	100	0	0.0263
3390	5	100	0	0.0239
3391	5	100	0	0.0194
3392	5	100	0	0.0065
3393	5	100	0	0.0389
3394	5	100	0	0.0398
3395	5	100	0	0.0215
3396	5	100	0	0.0196
3397	5	100	0	0.0496
3398	5	100	0	0.0328
3399	5	100	0	0.0203
3400	5	100	0	0.0272
3401	6	90	0	0.2717
3402	6	100	0	0.1468
3403	6	100	0	0.2130
3404	6	100	0	0.2078
3405	6	86	0	0.3484
3406	5	100	0	0.1202
3407	5	100	0	0.0640
3408	5	100	0	0.0796
3409	5	100	0	0.0439
3410	5	100	0	0.0681
3411	5	100	0	0.1152
3412	5	100	0	0.1738
3413	5	100	0	0.1771
3414	5	100	0	0.0424
3415	5	100	0	0.0397
3416	5	100	0	0.0632
3417	5	100	0	0.0384
3418	5	100	0	0.0265
3419	5	100	0	0.0314
3420	5	100	0	0.0443
3421	5	100	0	0.0189
3422	5	100	0	0.0402
3423	5	100	0	0.0320
3424	5	100	0	0.0464
3425	5	100	0	0.0320
3426	5	100	0	0.0204
3427	5	100	0	0.0415
3428	5	100	0	0.0327
3429	5	100	0	0.0284
3430	5	100	0	0.0195
3431	5	100	0	0.0209
3432	5	100	0	0.0281
3433	5	100	0	0.0286
3434	5	100	0	0.0252
3435	5	100	0	0.0397
3436	5	100	0	0.0317
3437	5	100	0	0.0476
3438	5	100	0	0.0352
3439	5	100	0	0.0353
3440	5	100	0	0.0215
3441	6	100	0	0.1307
3442	6	100	0	0.1857
3443	5	100	0	0.1814
3444	6	98	0	0.1835
3445	6	98	0	0.1735
3446	6	99	0	0.2123
3447	5	100	0	0.1131
3448	5	100	0	0.0569
3449	5	100	0	0.0468
3450	5	100	0	0.0974
3451	5	100	0	0.0373
3452	5	100	0	0.0630
3453	5	100	0	0.0335
3454	5	100	0	0.0526
3455	5	100	0	0.0255
3456	5	100	0	0.0773
3457	5	100	0	0.0215
3458	5	100	0	0.0418
3459	5	100	0	0.0288
3460	5	100	0	0.0295
3461	5	100	0	0.0245
3462	5	100	0	0.0319
3463	5	100	0	0.0326
3464	5	100	0	0.0353
3465	5	100	0	0.0174
3466	5	100	0	0.0238
3467	5	100	0	0.0358
3468	5	100	0	0.0354
3469	5	100	0	0.0410
3470	5	100	0	0.0404
3471	5	100	0	0.0437
3472	5	100	0	0.0294
3473	5	100	0	0.0492
3474	5	100	0	0.0405
3475	5	100	0	0.0244
3476	5	100	0	0.0229
3477	5	100	0	0.0327
3478	5	100	0	0.0289
3479	5	100	0	0.0380
3480	5	100	0	0.0380
3481	6	100	0	0.1550
3482	5	100	0	0.2048
3483	6	92	0	0.2920
3484	6	100	0	0.2251
3485	6	100	0	0.1545
3486	5	100	0	0.0891
3487	5	100	0	0.0657
3488	5	100	0	0.0724
3489	6	98	0	0.2165
3490	5	100	0	0.0424
3491	5	100	0	0.1351
3492	5	100	0	0.0542
3493	5	100	0	0.0812
3494	5	100	0	0.0362
3495	5	100	0	0.0254
3496	5	100	0	0.0231
3497	5	100	0	0.0370
3498	5	100	0	0.0425
3499	5	100	0	0.0260
3500	5	100	0	0.0268
3501	5	100	0	0.0429
3502	5	100	0	0.0326
3503	5	100	0	0.0225
3504	5	100	0	0.0143
3505	5	100	0	0.0237
3506	5	100	0	0.0248
3507	5	100	0	0.0326
3508	5	100	0	0.0290
3509	5	100	0	0.0319
3510	5	100	0	0.0250
3511	5	100	0	0.0384
3512	5	100	0	0.0255
3513	5	100	0	0.0337
3514	5	99	0	0.0369
3515	5	100	0	0.0223
3516	5	100	0	0.0111
3517	5	100	0	0.0524
3518	5	100	0	0.0292
3519	5	100	0	0.0270
3520	5	100	0	0.0194
3521	7	95	0	0.2805
3522	6	100	0	0.2188
3523	6	82	0	0.3023
3524	6	100	0	0.2159
3525	6	100	0	0.2096
3526	5	100	0	0.1010
3527	6	100	0	0.1943
3528	6	100	0	0.2072
3529	5	100	0	0.0859
3530	5	100	0	0.0748
3531	5	100	0	0.0441
3532	5	100	0	0.0806
3533	5	100	0	0.1496
3534	5	100	0	0.0279
3535	5	100	0	0.0419
3536	5	100	0	0.0668
3537	5	100	0	0.1122
3538	5	100	0	0.0322
3539	5	100	0	0.0353
3540	5	100	0	0.0335
3541	5	100	0	0.0316
3542	5	100	0	0.0265
3543	5	100	0	0.0273
3544	5	100	0	0.0266
3545	5	100	0	0.0066
3546	5	99	0	0.0350
3547	5	100	0	0.0265
3548	5	100	0	0.0297
3549	5	100	0	0.0314
3550	5	100	0	0.0350
3551	5	99	0	0.0466
3552	5	100	0	0.0261
3553	5	100	0	0.0316
3554	5	100	0	0.0349
3555	5	100	0	0.0303
3556	5	100	0	0.0316
3557	5	100	0	0.0288
3558	5	100	0	0.0332
3559	5	100	0	0.0207
3560	5	100	0	0.0318
3561	6	100	0	0.1720
3562	7	98	0	0.2916
3563	6	90	0	0.2693
3564	5	100	0	0.0476
3565	6	100	0	0.1621
3566	5	100	0	0.0632
3567	5	100	0	0.0411
3568	5	100	0	0.0630
3569	5	100	0	0.0781
3570	5	100	0	0.0445
3571	5	100	0	0.0343
3572	5	100	0	0.0593
3573	5	100	0	0.0848
3574	5	100	0	0.0347
3575	5	100	0	0.0313
3576	5	100	0	0.0409
3577	5	100	0	0.0362
3578	5	100	0	0.0311
3579	5	100	0	0.0285
3580	5	100	0	0.0201
3581	5	100	0	0.0229
3582	5	100	0	0.0271
3583	5	100	0	0.0251
3584	5	100	0	0.0097
3585	5	100	0	0.0351
3586	5	100	0	0.0320
3587	5	100	0	0.0344
3588	5	100	0	0.0355
3589	5	100	0	0.0097
3590	5	100	0	0.0389
3591	5	100	0	0.0244
3592	5	100	0	0.0328
3593	5	100	0	0.0303
3594	5	100	0	0.0291
3595	5	100	0	0.0324
3596	5	100	0	0.0279
3597	5	100	0	0.0343
3598	5	100	0	0.0365
3599	5	100	0	0.0261
3600	5	100	0	0.0078
3601	6	94	0	0.3008
3602	6	99	0	0.2934
3603	5	100	0	0.1825
3604	6	100	0	0.1754
3605	5	100	0	0.0725
3606	5	100	0	0.1500
3607	5	100	0	0.0767
3608	5	100	0	0.0881
3609	6	100	0	0.1637
3610	5	100	0	0.0527
3611	5	100	0	0.0462
3612	5	100	0	0.0466
3613	5	100	0	0.0486
3614	5	100	0	0.0341
3615	5	100	0	0.0457
3616	5	100	0	0.0528
3617	5	100	0	0.0172
3618	5	100	0	0.0101
3619	5	100	0	0.0305
3620	5	100	0	0.0461
3621	5	100	0	0.0364
3622	5	100	0	0.0330
3623	5	100	0	0.0215
3624	5	100	0	0.0172
3625	5	100	0	0.0389
3626	5	100	0	0.0363
3627	5	100	0	0.0386
3628	5	100	0	0.0205
3629	5	100	0	0.0259
3630	5	100	0	0.0361
3631	5	100	0	0.0265
3632	5	100	0	0.0297
3633	5	100	0	0.0384
3634	5	100	0	0.0285
3635	5	100	0	0.0255
3636	5	100	0	0.0305
3637	5	100	0	0.0205
3638	5	100	0	0.0412
3639	5	100	0	0.0329
3640	5	100	0	0.0350
3641	6	100	0	0.1809
3642	6	100	0	0.1669
3643	5	100	0	0.2277
3644	5	100	0	0.1061
3645	5	100	0	0.1538
3646	5	100	0	0.1528
3647	5	100	0	0.0344
3648	5	100	0	0.0483
3649	5	100	0	0.0450
3650	5	100	0	0.0468
3651	6	99	0	0.2019
3652	5	100	0	0.0519
3653	5	100	0	0.0365
3654	5	100	0	0.0206
3655	5	100	0	0.0414
3656	5	100	0	0.0218
3657	5	100	0	0.0394
3658	5	100	0	0.0186
3659	5	100	0	0.0274
3660	5	100	0	0.0418
3661	5	100	0	0.0347
3662	5	100	0	0.0459
3663	5	100	0	0.0288
3664	5	100	0	0.0368
3665	5	100	0	0.0342
3666	5	100	0	0.0383
3667	5	100	0	0.0155
3668	5	100	0	0.0344
3669	5	100	0	0.0369
3670	5	100	0	0.0294
3671	5	100	0	0.0315
3672	5	100	0	0.0342
3673	5	100	0	0.0361
3674	5	100	0	0.0301
3675	5	100	0	0.0280
3676	5	100	0	0.0202
3677	5	100	0	0.0341
3678	5	100	0	0.0219
3679	5	100	0	0.0447
3680	5	100	0	0.0300
3681	6	100	0	0.1624
3682	7	99	0	0.2891
3683	6	100	0	0.1491
3684	6	100	0	0.1371
3685	5	100	0	0.0617
3686	6	100	0	0.2236
3687	6	100	0	0.1687
3688	6	100	0	0.1718
3689	5	100	0	0.0602
3690	5	100	0	0.0849
3691	5	100	0	0.0481
3692	5	100	0	0.0473
3693	5	100	0	0.0307
3694	5	100	0	0.1095
3695	5	100	0	0.0249
3696	5	100	0	0.0323
3697	5	100	0	0.0176
3698	5	100	0	0.0204
3699	5	100	0	0.0400
3700	5	100	0	0.0324
3701	5	100	0	0.0305
3702	5	100	0	0.0444
3703	5	100	0	0.0538
3704	5	100	0	0.0287
3705	5	100	0	0.0276
3706	5	100	0	0.0339
3707	5	100	0	0.0336
3708	5	100	0	0.0281
3709	5	100	0	0.0296
3710	5	100	0	0.0185
3711	5	100	0	0.0309
3712	5	100	0	0.0254
3713	5	100	0	0.0240
3714	5	100	0	0.0268
3715	5	100	0	0.0246
3716	5	100	0	0.0319
3717	5	100	0	0.0502
3718	5	100	0	0.0411
3719	5	100	0	0.0249
3720	5	100	0	0.0245
3721	6	100	0	0.1603
3722	6	100	0	0.1678
3723	5	100	0	0.1673
3724	6	100	0	0.1566
3725	5	100	0	0.0819
3726	6	100	0	0.2006
3727	5	100	0	0.1971
3728	6	100	0	0.1673
3729	5	100	0	0.0498
3730	5	100	0	0.0563
3731	5	100	0	0.1833
3732	5	100	0	0.0530
3733	5	100	0	0.0250
3734	6	100	0	0.2176
3735	5	100	0	0.1639
3736	5	100	0	0.0339
3737	5	100	0	0.0305
3738	5	100	0	0.1188
3739	5	100	0	0.0202
3740	5	100	0	0.0240
3741	5	100	0	0.0338
3742	5	100	0	0.0349
3743	5	100	0	0.0330
3744	5	100	0	0.0201
3745	5	100	0	0.0295
3746	5	100	0	0.0279
3747	5	100	0	0.0439
3748	5	100	0	0.0361
3749	5	100	0	0.0365
3750	5	100	0	0.0376
3751	5	100	0	0.0249
3752	5	100	0	0.0255
3753	5	100	0	0.0099
3754	5	100	0	0.0354
3755	5	100	0	0.0293
3756	5	100	0	0.0330
3757	5	100	0	0.0296
3758	5	100	0	0.0400
3759	5	100	0	0.0245
3760	5	99	0	0.0431
3761	6	100	0	0.2951
3762	6	100	0	0.1819
3763	6	100	0	0.1065
3764	5	100	0	0.1016
3765	5	100	0	0.0827
3766	6	100	0	0.1897
3767	5	100	0	0.1163
3768	5	100	0	0.1902
3769	5	100	0	0.0562
3770	5	100	0	0.1636
3771	5	100	0	0.0380
3772	5	100	0	0.0520
3773	5	100	0	0.0415
3774	5	100	0	0.0483
3775	5	100	0	0.0249
3776	5	100	0	0.0659
3777	5	100	0	0.0270
3778	5	100	0	0.0387
3779	5	100	0	0.0348
3780	5	100	0	0.0273
3781	5	100	0	0.0339
3782	5	100	0	0.0228
3783	5	100	0	0.0278
3784	5	100	0	0.0308
3785	5	100	0	0.0211
3786	5	100	0	0.0324
3787	5	100	0	0.0233
3788	5	100	0	0.0297
3789	5	100	0	0.0186
3790	5	100	0	0.0220
3791	5	100	0	0.0286
3792	5	100	0	0.0345
3793	5	100	0	0.0288
3794	5	100	0	0.0265
3795	5	100	0	0.0198
3796	5	100	0	0.0489
3797	5	100	0	0.0315
3798	5	100	0	0.0254
3799	5	100	0	0.0291
3800	5	100	0	0.0105
3801	6	93	0	0.2961
3802	6	100	0	0.1686
3803	6	100	0	0.1831
3804	5	100	0	0.1820
3805	5	100	0	0.1503
3806	5	100	0	0.0536
3807	5	100	0	0.1676
3808	5	100	0	0.0689
3809	5	100	0	0.0610
3810	5	100	0	0.0616
3811	5	100	0	0.0414
3812	5	100	0	0.0370
3813	5	100	0	0.0260
3814	5	100	0	0.1052
3815	5	100	0	0.0285
3816	5	100	0	0.0236
3817	5	100	0	0.0506
3818	5	100	0	0.0155
3819	5	100	0	0.0297
3820	5	100	0	0.0326
3821	5	100	0	0.0187
3822	5	100	0	0.0228
3823	5	100	0	0.0341
3824	5	100	0	0.0516
3825	5	100	0	0.0395
3826	5	100	0	0.0277
3827	5	100	0	0.0374
3828	5	100	0	0.0213
3829	5	100	0	0.0236
3830	5	100	0	0.0290
3831	5	100	0	0.0282
3832	5	100	0	0.0246
3833	5	100	0	0.0235
3834	5	100	0	0.0248
3835	5	100	0	0.0337
3836	5	100	0	0.0230
3837	5	100	0	0.0098
3838	5	100	0	0.1100
3839	5	100	0	0.0267
3840	5	100	0	0.0339
3841	6	100	0	0.1651
3842	7	93	0	0.2582
3843	7	97	0	0.2548
3844	6	100	0	0.1902
3845	5	100	0	0.0847
3846	6	100	0	0.1493
3847	6	100	0	0.1886
3848	5	100	0	0.1638
3849	5	100	0	0.1449
3850	5	100	0	0.0361
3851	5	100	0	0.0448
3852	5	100	0	0.0312
3853	5	100	0	0.0419
3854	5	100	0	0.0178
3855	5	100	0	0.0569
3856	5	100	0	0.0408
3857	5	100	0	0.0322
3858	5	100	0	0.0243
3859	5	100	0	0.0372
3860	5	100	0	0.0331
3861	5	100	0	0.0171
3862	5	100	0	0.0417
3863	5	100	0	0.0269
3864	5	100	0	0.0249
3865	5	100	0	0.0380
3866	5	100	0	0.0383
3867	5	100	0	0.0263
3868	5	100	0	0.0311
3869	5	100	0	0.0112
3870	5	100	0	0.0421
3871	5	100	0	0.0340
3872	5	100	0	0.0268
3873	5	100	0	0.0169
3874	5	100	0	0.0197
3875	5	100	0	0.0362
3876	5	100	0	0.0205
3877	5	100	0	0.0324
3878	5	100	0	0.0324
3879	5	100	0	0.0234
3880	5	100	0	0.0274
3881	6	100	0	0.2042
3882	6	100	0	0.1827
3883	5	100	0	0.1060
3884	6	100	0	0.2022
3885	5	100	0	0.0511
3886	5	100	0	0.1375
3887	6	100	0	0.1782
3888	6	100	0	0.1788
3889	5	100	0	0.0580
3890	5	100	0	0.0423
3891	6	100	0	0.1697
3892	5	100	0	0.0622
3893	5	100	0	0.1639
3894	5	100	0	0.0392
3895	5	100	0	0.0273
3896	5	100	0	0.0313
3897	5	100	0	0.0380
3898	5	100	0	0.0280
3899	5	100	0	0.0199
3900	5	100	0	0.0347
3901	5	100	0	0.0342
3902	6	99	0	0.2169
3903	5	100	0	0.0305
3904	5	100	0	0.0284
3905	5	100	0	0.0408
3906	5	100	0	0.0360
3907	5	100	0	0.0391
3908	5	100	0	0.0370
3909	5	100	0	0.0219
3910	5	100	0	0.0433
3911	5	100	0	0.0357
3912	5	100	0	0.0152
3913	5	100	0	0.0309
3914	5	100	0	0.0321
3915	5	100	0	0.0297
3916	5	100	0	0.0352
3917	5	100	0	0.0237
3918	5	100	0	0.0431
3919	5	100	0	0.0233
3920	5	100	0	0.0300
3921	7	98	0	0.2766
3922	6	100	0	0.1550
3923	6	100	0	0.1641
3924	6	100	0	0.2051
3925	6	100	0	0.1677
3926	6	100	0	0.1978
3927	6	100	0	0.1803
3928	5	100	0	0.0552
3929	5	100	0	0.1633
3930	5	100	0	0.0359
3931	5	100	0	0.0412
3932	5	100	0	0.0209
3933	5	100	0	0.0228
3934	5	100	0	0.0380
3935	5	100	0	0.0639
3936	5	100	0	0.0305
3937	5	100	0	0.0360
3938	5	100	0	0.0236
3939	5	100	0	0.0301
3940	5	100	0	0.0298
3941	5	100	0	0.0160
3942	5	100	0	0.0287
3943	5	100	0	0.0308
3944	5	100	0	0.0344
3945	5	100	0	0.0203
3946	5	100	0	0.0266
3947	5	100	0	0.0202
3948	5	100	0	0.0276
3949	5	100	0	0.0212
3950	5	100	0	0.0230
3951	5	100	0	0.0285
3952	5	100	0	0.0279
3953	5	100	0	0.0242
3954	5	100	0	0.0262
3955	5	100	0	0.0262
3956	5	100	0	0.0269
3957	5	100	0	0.0252
3958	5	100	0	0.0290
3959	5	100	0	0.0237
3960	5	100	0	0.0180
3961	6	100	0	0.1939
3962	6	100	0	0.1592
3963	6	100	0	0.1955
3964	6	100	0	0.2380
3965	6	100	0	0.2181
3966	5	100	0	0.0488
3967	6	100	0	0.1905
3968	5	100	0	0.0605
3969	5	100	0	0.1592
3970	5	100	0	0.0493
3971	5	100	0	0.0314
3972	5	100	0	0.0267
3973	5	100	0	0.0330
3974	5	100	0	0.1575
3975	5	100	0	0.0827
3976	5	100	0	0.0226
3977	5	100	0	0.0750
3978	5	100	0	0.0345
3979	5	100	0	0.0376
3980	5	100	0	0.0177
3981	5	100	0	0.0360
3982	5	100	0	0.0166
3983	5	100	0	0.0279
3984	5	100	0	0.0199
3985	5	100	0	0.0314
3986	5	100	0	0.0245
3987	5	100	0	0.0357
3988	5	100	0	0.0170
3989	5	100	0	0.0255
3990	5	100	0	0.0271
3991	5	100	0	0.0318
3992	5	100	0	0.0335
3993	5	100	0	0.0276
3994	5	100	0	0.0273
3995	5	100	0	0.0232
3996	5	100	0	0.0169
3997	5	100	0	0.0203
3998	5	100	0	0.0167
3999	5	100	0	0.0312
4000	5	100	0	0.0298
