sim	per	nosc	ntonic	NED
1	7	3	0	0.0000
2	17	12	2	0.4870
3	2	0	1	0.4714
4	8	10	2	0.3417
5	10	11	5	0.5811
6	2	0	0	0.0000
7	7	7	6	0.4444
8	10	6	2	0.5343
9	50	14	5	0.4803
10	6	20	2	0.4150
11	7	7	5	0.4376
12	6	6	4	0.5246
13	13	13	3	0.5873
14	9	10	3	0.4680
15	17	11	2	0.6088
16	8	12	5	0.4362
17	10	8	1	0.6075
18	9	14	6	0.4114
19	6	16	4	0.3909
20	6	13	3	0.5282
21	6	16	4	0.5145
22	6	23	0	0.2040
23	6	12	5	0.4502
24	6	17	1	0.3919
25	6	10	2	0.5160
26	6	18	4	0.5021
27	6	20	6	0.4502
28	6	18	4	0.5697
29	6	16	4	0.5306
30	5	10	2	0.6358
31	5	34	2	0.0374
32	6	15	5	0.4575
33	6	15	4	0.3722
34	5	17	6	0.4755
35	6	15	5	0.4589
36	5	29	1	0.3443
37	5	44	1	0.0630
38	5	35	0	0.0000
39	5	32	0	0.0172
40	6	32	1	0.3459
41	2	0	0	0.0000
42	10	7	0	0.0000
43	9	3	0	0.0000
44	5	3	4	0.3233
45	50	7	9	0.1395
46	5	1	0	0.0000
47	10	0	7	0.7675
48	5	3	2	0.3528
49	17	9	3	0.3849
50	10	9	7	0.3097
51	7	4	1	0.1340
52	6	5	1	0.0155
53	13	13	2	0.2870
54	6	5	7	0.1805
55	50	19	2	0.5356
56	12	6	5	0.2700
57	6	4	6	0.1864
58	12	8	3	0.3881
59	7	13	3	0.4347
60	7	13	3	0.4781
61	15	9	6	0.4582
62	6	8	11	0.3864
63	6	9	3	0.4582
64	6	12	6	0.4139
65	7	11	4	0.5368
66	6	8	13	0.4366
67	7	12	5	0.3442
68	6	6	4	0.4579
69	8	14	6	0.4450
70	8	7	7	0.2647
71	7	9	4	0.5780
72	12	14	6	0.4834
73	5	8	9	0.3490
74	9	14	2	0.5997
75	6	12	2	0.5244
76	5	18	6	0.4109
77	6	22	5	0.4355
78	8	13	10	0.4282
79	6	13	7	0.5221
80	34	14	6	0.4932
81	2	0	0	0.0000
82	2	0	0	0.0000
83	6	13	5	0.5462
84	6	15	8	0.3352
85	6	15	3	0.5396
86	17	17	7	0.4420
87	7	33	0	0.1684
88	8	10	3	0.4882
89	7	9	2	0.6555
90	7	12	2	0.5618
91	6	19	1	0.3597
92	7	17	1	0.3788
93	6	11	3	0.6121
94	6	16	5	0.4388
95	6	12	3	0.5164
96	7	26	2	0.4881
97	6	17	4	0.5132
98	6	20	5	0.4379
99	6	16	1	0.4672
100	6	16	2	0.5507
101	7	12	6	0.4275
102	6	11	8	0.3942
103	5	42	1	0.2217
104	6	15	5	0.4921
105	5	14	10	0.3671
106	6	40	0	0.3472
107	6	43	0	0.2925
108	5	29	0	0.0000
109	6	22	2	0.4975
110	5	51	0	0.1590
111	5	33	0	0.0431
112	6	24	2	0.4482
113	5	32	1	0.0271
114	6	32	1	0.4515
115	5	42	0	0.0000
116	6	33	0	0.4227
117	6	23	4	0.4349
118	6	62	0	0.1301
119	5	44	0	0.3579
120	5	42	0	0.2641
121	8	23	0	0.0000
122	12	9	0	0.0000
123	7	18	1	0.4682
124	8	14	3	0.5050
125	6	13	3	0.6177
126	8	23	5	0.5464
127	7	21	1	0.4602
128	7	17	3	0.5233
129	6	28	1	0.4871
130	5	18	4	0.5739
131	6	18	9	0.4261
132	7	19	2	0.5147
133	6	37	0	0.3494
134	6	18	3	0.5027
135	6	14	1	0.6062
136	7	24	1	0.4150
137	6	32	2	0.4692
138	6	22	1	0.5086
139	6	34	0	0.2567
140	6	49	0	0.2336
141	5	19	4	0.4994
142	6	26	2	0.4013
143	6	21	5	0.5504
144	6	29	1	0.4442
145	6	51	0	0.2799
146	6	24	2	0.4654
147	5	16	3	0.4978
148	5	36	1	0.3541
149	6	42	0	0.3421
150	5	39	0	0.0000
151	6	48	0	0.2982
152	6	21	3	0.5276
153	5	44	0	0.2047
154	5	37	1	0.1867
155	5	29	1	0.4647
156	5	56	0	0.0000
157	5	49	0	0.0000
158	5	51	1	0.1431
159	5	33	1	0.3073
160	5	48	0	0.0000
161	7	31	0	0.0000
162	6	11	4	0.5864
163	7	17	3	0.5903
164	7	27	2	0.5213
165	6	17	4	0.5660
166	6	23	2	0.5472
167	5	16	4	0.6732
168	6	15	2	0.5138
169	6	34	2	0.4525
170	8	19	5	0.6043
171	6	20	2	0.5259
172	7	27	2	0.4739
173	6	17	3	0.5413
174	7	14	4	0.6644
175	6	39	3	0.4168
176	6	23	4	0.4761
177	6	16	4	0.5529
178	6	41	1	0.3502
179	6	52	0	0.2387
180	6	22	1	0.4915
181	6	34	3	0.4545
182	6	28	1	0.5339
183	5	28	3	0.4610
184	6	25	1	0.4693
185	5	45	0	0.2369
186	6	34	1	0.4236
187	5	18	2	0.5461
188	5	44	0	0.2078
189	6	48	0	0.2152
190	5	34	0	0.0260
191	6	25	1	0.5110
192	5	34	0	0.1362
193	5	44	0	0.2809
194	5	42	1	0.3631
195	5	30	4	0.4999
196	5	49	0	0.0158
197	5	39	1	0.0759
198	5	32	4	0.4381
199	5	64	0	0.0000
200	5	59	0	0.0000
201	6	37	1	0.4407
202	7	34	0	0.0000
203	6	2	0	0.0000
204	8	21	0	0.0225
205	8	23	1	0.5859
206	7	23	0	0.2396
207	6	24	1	0.4733
208	10	12	2	0.5551
209	6	21	7	0.4713
210	7	24	1	0.3785
211	6	24	3	0.5246
212	6	38	1	0.3294
213	5	36	3	0.4583
214	6	45	0	0.2760
215	6	19	4	0.5646
216	6	41	0	0.3541
217	5	18	2	0.5305
218	5	31	2	0.4955
219	6	23	3	0.5253
220	6	38	1	0.4502
221	6	26	2	0.5379
222	5	22	5	0.5691
223	6	53	0	0.2284
224	6	70	0	0.1362
225	5	40	0	0.1308
226	5	35	1	0.4131
227	5	53	0	0.2513
228	5	47	0	0.0858
229	5	53	0	0.1916
230	5	58	0	0.0126
231	5	51	0	0.0000
232	5	54	0	0.0125
233	5	57	0	0.2427
234	5	49	0	0.0000
235	5	60	0	0.0080
236	5	55	0	0.2361
237	5	53	0	0.2007
238	5	70	0	0.0000
239	5	56	0	0.0218
240	5	50	0	0.0000
241	7	46	0	0.0000
242	7	18	0	0.4702
243	7	35	0	0.0000
244	6	41	0	0.0000
245	6	27	2	0.5835
246	6	30	3	0.5348
247	7	41	0	0.0800
248	8	21	6	0.5278
249	6	21	3	0.5367
250	6	41	1	0.4814
251	7	26	2	0.5428
252	6	21	1	0.6025
253	5	23	7	0.5479
254	6	45	0	0.2487
255	5	34	0	0.2426
256	5	49	0	0.1462
257	6	43	0	0.2468
258	6	46	0	0.1628
259	6	50	0	0.0561
260	6	55	0	0.1744
261	6	41	0	0.2487
262	5	54	2	0.2583
263	5	44	1	0.3549
264	6	60	0	0.1637
265	5	41	0	0.0000
266	6	30	2	0.5225
267	5	39	0	0.0000
268	5	45	0	0.0000
269	5	67	0	0.2006
270	6	49	0	0.3178
271	5	55	0	0.2558
272	5	52	0	0.3101
273	5	48	0	0.1794
274	5	72	0	0.2082
275	5	51	0	0.3604
276	5	67	0	0.0000
277	5	67	0	0.0000
278	5	69	0	0.0000
279	5	61	0	0.0000
280	5	69	0	0.0000
281	2	0	0	0.0000
282	6	48	1	0.2759
283	6	32	4	0.4791
284	7	27	1	0.3681
285	2	0	0	0.0000
286	7	40	2	0.4711
287	6	41	0	0.0000
288	6	67	0	0.0000
289	6	18	0	0.2165
290	6	24	0	0.4721
291	6	51	0	0.2815
292	6	33	0	0.3196
293	6	53	0	0.0000
294	6	66	0	0.1955
295	6	27	0	0.4474
296	6	40	0	0.2603
297	5	48	0	0.3260
298	6	59	0	0.2733
299	5	39	1	0.3979
300	6	40	0	0.3011
301	5	43	1	0.3870
302	5	52	0	0.1950
303	5	46	0	0.2347
304	5	37	0	0.2079
305	6	59	0	0.2830
306	5	48	0	0.0000
307	5	19	2	0.5913
308	5	42	0	0.2829
309	5	59	0	0.0000
310	5	54	0	0.2848
311	5	58	1	0.3153
312	5	58	0	0.0000
313	5	46	0	0.0268
314	5	66	0	0.0000
315	5	52	0	0.0167
316	5	55	0	0.0382
317	5	67	0	0.0000
318	5	58	0	0.0183
319	5	40	0	0.0799
320	5	62	0	0.0000
321	2	0	0	0.0000
322	7	51	0	0.0000
323	7	34	0	0.0000
324	6	31	2	0.4398
325	6	46	0	0.2949
326	6	29	0	0.1126
327	6	28	0	0.0000
328	6	29	3	0.5946
329	6	36	0	0.4326
330	6	56	0	0.1807
331	6	46	2	0.4770
332	6	48	0	0.0373
333	6	32	1	0.5019
334	6	41	1	0.4383
335	6	54	0	0.1901
336	6	30	2	0.4840
337	6	52	0	0.0000
338	6	18	1	0.4945
339	6	72	0	0.1587
340	6	58	0	0.2750
341	6	55	0	0.2380
342	5	46	0	0.2431
343	6	60	0	0.1845
344	6	57	0	0.1398
345	5	82	0	0.1835
346	6	65	0	0.1779
347	5	54	0	0.0189
348	5	59	0	0.2524
349	5	55	0	0.0000
350	5	41	1	0.3668
351	5	56	0	0.0218
352	5	69	0	0.0000
353	5	64	0	0.0000
354	5	67	0	0.0343
355	5	76	0	0.0000
356	5	68	0	0.1113
357	5	68	0	0.0000
358	5	67	0	0.0000
359	5	71	0	0.0164
360	5	55	0	0.3281
361	7	80	0	0.0000
362	6	34	4	0.5509
363	6	50	0	0.0000
364	7	37	2	0.5391
365	6	35	1	0.4657
366	7	55	0	0.0917
367	6	54	0	0.0677
368	6	52	0	0.3530
369	6	68	0	0.2990
370	5	39	2	0.4250
371	6	36	1	0.3035
372	6	60	0	0.2308
373	5	58	0	0.2342
374	6	27	2	0.5649
375	6	68	0	0.2218
376	6	75	0	0.1814
377	5	40	1	0.4030
378	5	51	0	0.0000
379	5	68	0	0.2041
380	5	67	0	0.1945
381	5	52	0	0.3354
382	5	43	1	0.2950
383	5	46	1	0.3151
384	5	57	0	0.0000
385	5	50	0	0.0000
386	5	68	0	0.0000
387	5	47	0	0.0163
388	5	69	0	0.0000
389	5	59	0	0.0218
390	5	76	0	0.0000
391	5	63	0	0.2697
392	5	58	0	0.0278
393	5	68	0	0.0000
394	5	70	0	0.0000
395	5	74	0	0.0000
396	5	74	0	0.0000
397	5	71	0	0.0225
398	5	74	0	0.0000
399	5	72	0	0.0000
400	5	82	0	0.0000
401	2	0	0	0.0000
402	7	41	0	0.2901
403	7	51	0	0.1201
404	6	43	3	0.4203
405	7	37	0	0.1853
406	6	45	0	0.0000
407	6	48	0	0.0000
408	6	64	0	0.0000
409	6	54	0	0.2897
410	6	30	2	0.5684
411	6	26	1	0.5591
412	6	49	0	0.0000
413	6	59	0	0.1215
414	6	56	0	0.2166
415	6	44	0	0.0598
416	6	52	0	0.1706
417	5	39	0	0.0380
418	5	48	0	0.2884
419	5	54	0	0.3058
420	6	26	0	0.5775
421	5	32	0	0.0274
422	5	63	0	0.2001
423	6	54	0	0.3746
424	5	45	0	0.3031
425	5	62	1	0.2875
426	5	64	0	0.0000
427	5	44	1	0.3566
428	5	34	0	0.0318
429	5	65	0	0.0000
430	5	78	0	0.1952
431	5	65	0	0.0000
432	5	72	0	0.1154
433	5	63	0	0.0000
434	5	78	0	0.0000
435	5	83	0	0.0000
436	5	74	0	0.0000
437	5	72	0	0.2179
438	5	80	0	0.0158
439	5	80	0	0.0325
440	5	74	0	0.0000
441	2	0	0	0.0000
442	7	32	0	0.0000
443	7	45	0	0.2025
444	6	55	1	0.4027
445	6	51	1	0.3883
446	6	29	1	0.4858
447	6	60	0	0.0000
448	6	45	0	0.2309
449	6	45	1	0.4154
450	6	62	0	0.1924
451	6	42	0	0.3226
452	6	50	0	0.2498
453	6	40	0	0.0000
454	6	31	1	0.4953
455	5	68	0	0.2121
456	6	55	0	0.2468
457	5	53	0	0.0144
458	5	48	0	0.0000
459	5	38	1	0.4596
460	5	49	0	0.0138
461	5	48	0	0.0000
462	5	66	0	0.0000
463	5	40	0	0.1358
464	5	47	1	0.3795
465	5	50	0	0.1291
466	5	57	0	0.0219
467	5	71	0	0.0000
468	5	76	0	0.0000
469	5	81	0	0.0000
470	5	73	0	0.0000
471	5	77	0	0.0000
472	5	76	0	0.0000
473	5	75	0	0.0000
474	5	65	0	0.2308
475	5	73	0	0.0108
476	5	77	0	0.0000
477	5	77	1	0.0292
478	5	87	0	0.0000
479	5	88	0	0.0000
480	5	79	0	0.0000
481	7	48	0	0.0000
482	8	44	0	0.0335
483	7	42	0	0.0000
484	7	43	0	0.0000
485	6	48	0	0.2163
486	6	59	0	0.0000
487	6	39	0	0.1122
488	6	49	1	0.3838
489	7	31	2	0.5882
490	6	71	0	0.0000
491	6	57	0	0.1964
492	5	86	0	0.1923
493	6	60	0	0.3322
494	6	51	0	0.2833
495	6	54	0	0.1963
496	6	69	0	0.2470
497	5	45	0	0.0000
498	6	56	0	0.4124
499	5	56	0	0.2586
500	5	72	0	0.1996
501	5	48	0	0.0000
502	5	62	0	0.0154
503	5	61	0	0.2535
504	5	66	0	0.0347
505	5	68	0	0.2140
506	5	46	0	0.4038
507	5	68	0	0.0000
508	5	63	0	0.0203
509	5	56	0	0.0208
510	5	72	0	0.2139
511	5	65	0	0.0171
512	5	48	0	0.1652
513	5	64	0	0.0000
514	5	68	0	0.0204
515	5	76	0	0.0000
516	5	78	0	0.0000
517	5	84	0	0.0000
518	5	77	0	0.0000
519	5	67	0	0.0000
520	5	78	0	0.0000
521	6	55	0	0.0000
522	2	0	0	0.0000
523	6	57	0	0.0000
524	6	61	0	0.0000
525	6	62	0	0.0000
526	7	32	0	0.6095
527	6	55	0	0.2106
528	6	55	0	0.0000
529	6	69	0	0.0000
530	5	24	3	0.6090
531	6	40	0	0.4285
532	6	47	0	0.0000
533	6	40	0	0.4727
534	5	50	0	0.2908
535	6	70	0	0.1268
536	5	71	0	0.1898
537	5	69	0	0.2308
538	6	41	0	0.4312
539	5	50	0	0.0109
540	6	59	0	0.3352
541	5	61	1	0.3140
542	6	47	0	0.3667
543	5	58	0	0.0169
544	5	57	0	0.0152
545	5	62	0	0.0156
546	5	73	0	0.0000
547	6	55	0	0.2238
548	5	77	0	0.0000
549	5	62	0	0.3053
550	5	80	0	0.0000
551	5	61	0	0.0000
552	5	62	0	0.0234
553	5	70	0	0.0000
554	5	76	0	0.0000
555	5	73	0	0.2382
556	5	80	0	0.0000
557	5	86	0	0.0000
558	5	79	0	0.0000
559	5	87	0	0.0000
560	5	87	0	0.0000
561	6	63	0	0.0000
562	6	78	0	0.0000
563	7	32	0	0.1220
564	6	32	1	0.5909
565	7	32	0	0.1742
566	7	46	0	0.2469
567	6	79	0	0.1967
568	6	51	0	0.3503
569	6	40	0	0.3631
570	6	79	0	0.1763
571	6	51	0	0.1173
572	6	67	0	0.0000
573	6	44	1	0.4783
574	6	47	0	0.3937
575	6	57	0	0.2504
576	5	62	0	0.2229
577	5	53	0	0.2853
578	5	66	0	0.2711
579	5	59	0	0.0000
580	5	68	0	0.0000
581	5	61	0	0.0000
582	5	70	0	0.0000
583	5	59	0	0.0000
584	5	67	0	0.0000
585	5	68	0	0.1042
586	5	82	0	0.0000
587	5	70	0	0.0000
588	5	80	0	0.0000
589	5	55	0	0.2577
590	5	67	0	0.0206
591	5	74	0	0.0000
592	5	78	0	0.0000
593	5	79	0	0.1517
594	5	75	0	0.0000
595	5	88	0	0.0000
596	5	91	0	0.0000
597	5	62	0	0.0000
598	5	85	0	0.0000
599	5	74	0	0.0000
600	5	91	0	0.0000
601	2	0	0	0.0000
602	6	80	0	0.0000
603	6	67	0	0.1432
604	6	63	0	0.0333
605	6	49	0	0.0000
606	6	58	0	0.0000
607	6	63	0	0.0000
608	6	61	0	0.1312
609	6	41	0	0.1274
610	6	61	0	0.2489
611	6	56	0	0.1861
612	6	42	0	0.2739
613	6	45	0	0.3615
614	6	53	0	0.3060
615	6	47	0	0.1811
616	6	65	0	0.2583
617	5	59	0	0.2109
618	5	73	0	0.2094
619	5	57	0	0.0000
620	6	69	0	0.2102
621	5	69	0	0.2814
622	5	59	0	0.0000
623	5	85	0	0.0120
624	5	71	0	0.2262
625	6	81	0	0.2490
626	5	75	0	0.0000
627	5	60	0	0.0150
628	5	58	0	0.0248
629	5	62	0	0.0000
630	5	61	0	0.0221
631	5	84	0	0.1170
632	5	66	0	0.0000
633	5	77	0	0.0000
634	5	72	0	0.2639
635	5	80	0	0.0165
636	5	92	0	0.0000
637	5	81	0	0.0000
638	5	90	0	0.0000
639	5	79	0	0.0138
640	5	85	0	0.0000
641	2	0	0	0.0000
642	6	68	0	0.0000
643	6	74	0	0.0000
644	6	96	0	0.0000
645	6	50	0	0.2110
646	6	56	0	0.3886
647	6	53	0	0.0000
648	6	61	0	0.0000
649	6	54	1	0.3205
650	6	79	0	0.2338
651	6	63	0	0.2502
652	6	51	0	0.1611
653	6	67	0	0.2210
654	6	89	0	0.1504
655	6	49	0	0.1654
656	5	61	0	0.2446
657	5	56	0	0.0837
658	6	83	0	0.2017
659	5	54	0	0.0000
660	5	51	0	0.0000
661	5	74	0	0.1973
662	5	58	0	0.3270
663	5	62	0	0.2816
664	5	83	0	0.2046
665	5	55	0	0.0000
666	5	68	0	0.0000
667	5	66	0	0.1884
668	5	79	0	0.0209
669	5	86	0	0.0000
670	5	80	0	0.0000
671	5	82	0	0.0000
672	5	57	0	0.1813
673	5	86	0	0.0000
674	5	89	0	0.0000
675	5	88	0	0.0000
676	5	85	0	0.0000
677	5	82	0	0.1077
678	5	93	0	0.0000
679	5	88	0	0.0000
680	5	88	0	0.0000
681	2	0	0	0.0000
682	7	40	0	0.1376
683	6	91	0	0.0261
684	6	42	0	0.1559
685	6	52	0	0.0851
686	6	54	0	0.3342
687	6	53	0	0.0000
688	6	69	0	0.0237
689	6	47	0	0.1267
690	6	60	0	0.2587
691	6	63	0	0.2259
692	6	78	0	0.1531
693	6	64	0	0.1435
694	6	70	0	0.1650
695	6	81	0	0.1780
696	5	82	0	0.2002
697	5	58	0	0.2297
698	5	60	0	0.2867
699	5	70	0	0.2009
700	5	71	0	0.0000
701	5	67	0	0.2338
702	5	68	0	0.0000
703	5	50	0	0.2876
704	5	62	0	0.0088
705	5	76	0	0.0000
706	5	76	0	0.0170
707	5	85	0	0.0000
708	5	84	0	0.0000
709	5	74	0	0.0000
710	5	84	0	0.0000
711	5	87	0	0.0291
712	5	80	0	0.0000
713	5	88	0	0.0000
714	5	81	0	0.0000
715	5	67	0	0.0245
716	5	94	0	0.0000
717	5	83	0	0.0150
718	5	86	0	0.0000
719	5	88	0	0.0000
720	5	97	0	0.0616
721	6	59	0	0.0000
722	6	70	0	0.0000
723	6	53	0	0.0433
724	6	59	0	0.3115
725	6	76	0	0.0000
726	6	45	1	0.4112
727	5	38	2	0.5265
728	6	39	0	0.0000
729	6	67	0	0.1659
730	6	56	0	0.1087
731	6	67	0	0.2136
732	5	75	0	0.2141
733	6	62	0	0.1899
734	5	68	0	0.2182
735	6	68	0	0.1977
736	6	54	0	0.1552
737	5	76	0	0.2037
738	5	62	0	0.2310
739	5	68	0	0.2562
740	5	59	0	0.0000
741	5	69	0	0.0080
742	5	67	0	0.3044
743	5	72	0	0.0000
744	5	70	0	0.0000
745	5	84	0	0.0000
746	5	89	0	0.0000
747	5	76	0	0.2746
748	5	71	0	0.0192
749	5	64	0	0.0267
750	5	80	0	0.0324
751	5	87	0	0.0000
752	5	84	0	0.0000
753	5	72	0	0.0160
754	5	82	0	0.0000
755	5	88	0	0.0000
756	5	85	0	0.0000
757	5	88	0	0.0000
758	5	89	0	0.0000
759	5	87	0	0.0000
760	5	89	0	0.0000
761	7	82	0	0.0000
762	6	87	0	0.0000
763	6	58	0	0.0319
764	6	54	0	0.0296
765	6	73	0	0.0000
766	6	62	0	0.0000
767	6	66	1	0.2448
768	5	43	1	0.4612
769	6	65	0	0.0000
770	6	56	0	0.0981
771	6	63	0	0.3602
772	6	90	0	0.1372
773	6	70	0	0.1799
774	6	56	0	0.1885
775	6	65	0	0.1516
776	6	64	0	0.1966
777	5	93	0	0.0000
778	5	83	0	0.1993
779	6	40	0	0.3807
780	5	64	0	0.2434
781	6	65	0	0.1341
782	5	56	0	0.0130
783	5	55	0	0.0216
784	5	84	0	0.1843
785	5	70	0	0.0848
786	5	79	0	0.0000
787	5	69	0	0.0000
788	5	74	0	0.0175
789	5	75	0	0.0304
790	5	67	0	0.1872
791	5	90	0	0.0122
792	5	89	0	0.0000
793	5	57	0	0.0682
794	5	90	0	0.0000
795	5	81	0	0.0000
796	5	81	0	0.0000
797	5	88	0	0.0821
798	5	95	0	0.0000
799	5	90	0	0.0000
800	5	88	0	0.0000
801	2	0	0	0.0000
802	6	49	0	0.0000
803	6	46	0	0.0000
804	7	48	0	0.1198
805	5	29	4	0.5237
806	6	69	0	0.0000
807	6	85	0	0.1343
808	6	87	0	0.0000
809	6	59	0	0.0000
810	6	66	0	0.2095
811	6	93	0	0.1327
812	6	92	0	0.1542
813	6	76	0	0.1456
814	6	60	0	0.2101
815	6	68	0	0.1999
816	6	79	0	0.1404
817	5	76	0	0.2199
818	5	57	0	0.2636
819	5	66	0	0.2385
820	5	83	0	0.1973
821	5	70	0	0.2487
822	5	86	0	0.1911
823	5	59	0	0.0000
824	5	64	0	0.0200
825	5	66	0	0.0000
826	5	73	0	0.0383
827	5	82	0	0.0000
828	5	74	0	0.0000
829	5	89	0	0.0138
830	5	88	0	0.0000
831	5	76	0	0.0000
832	5	88	0	0.0000
833	5	91	0	0.0123
834	5	94	0	0.0000
835	5	71	0	0.0000
836	5	87	0	0.0000
837	5	94	0	0.0000
838	5	91	0	0.0124
839	5	79	0	0.0000
840	5	95	0	0.0000
841	6	81	0	0.0000
842	2	0	0	0.0000
843	6	77	0	0.0000
844	6	82	0	0.0000
845	6	79	0	0.0000
846	6	64	0	0.0000
847	6	86	0	0.0000
848	6	66	0	0.0000
849	6	34	0	0.0000
850	6	69	0	0.1885
851	6	82	0	0.1811
852	5	78	0	0.1723
853	6	55	0	0.0000
854	6	73	0	0.1821
855	6	60	0	0.2515
856	6	61	0	0.2916
857	5	49	0	0.2445
858	5	83	0	0.0217
859	5	64	0	0.2437
860	5	73	0	0.1980
861	5	85	0	0.1554
862	5	75	0	0.2626
863	5	61	0	0.0000
864	5	78	0	0.0709
865	5	81	0	0.0000
866	5	77	0	0.0000
867	5	82	0	0.0000
868	5	87	0	0.0000
869	5	94	0	0.0000
870	5	90	0	0.1842
871	5	72	0	0.0000
872	5	94	0	0.0000
873	5	87	0	0.0000
874	5	83	0	0.0151
875	5	88	0	0.0152
876	5	92	0	0.0000
877	5	90	0	0.0000
878	5	88	0	0.0255
879	5	87	0	0.0000
880	5	92	0	0.0000
881	2	0	0	0.0000
882	6	99	0	0.0000
883	6	61	0	0.0000
884	6	64	0	0.0000
885	6	79	0	0.0000
886	6	77	0	0.0000
887	6	59	0	0.0000
888	6	89	0	0.1546
889	6	89	0	0.1638
890	6	65	0	0.0000
891	6	62	0	0.1490
892	6	58	0	0.2294
893	6	82	0	0.1495
894	6	56	0	0.2862
895	6	47	0	0.3449
896	5	63	0	0.0184
897	5	47	0	0.4198
898	5	73	0	0.1815
899	6	54	0	0.2386
900	5	97	0	0.1620
901	5	88	0	0.0000
902	5	87	0	0.0000
903	5	87	0	0.1976
904	5	55	0	0.3815
905	5	86	0	0.0127
906	5	71	0	0.0455
907	5	81	0	0.0161
908	5	78	0	0.0000
909	5	87	0	0.0153
910	5	92	0	0.0000
911	5	96	0	0.0000
912	5	95	0	0.0000
913	5	90	0	0.0000
914	5	89	0	0.0000
915	5	93	0	0.0000
916	5	93	0	0.0000
917	5	92	0	0.0278
918	5	92	0	0.0111
919	5	97	0	0.0000
920	5	87	0	0.0000
921	6	91	0	0.0000
922	6	97	0	0.0000
923	2	0	0	0.0000
924	6	100	0	0.0000
925	6	88	0	0.0000
926	6	47	1	0.4986
927	6	72	0	0.1202
928	6	85	0	0.0000
929	6	56	0	0.2212
930	6	68	0	0.0000
931	6	80	0	0.1568
932	6	82	0	0.0000
933	6	68	0	0.1586
934	5	46	0	0.3344
935	6	65	0	0.1522
936	6	68	0	0.1766
937	6	75	0	0.1383
938	6	93	0	0.1374
939	5	95	0	0.1706
940	5	70	0	0.2367
941	5	86	0	0.0000
942	5	83	0	0.0000
943	5	90	0	0.0000
944	5	83	0	0.1998
945	5	90	0	0.0000
946	5	72	0	0.0180
947	5	86	0	0.0000
948	5	83	0	0.0000
949	5	85	0	0.0660
950	5	84	0	0.0000
951	5	88	0	0.0000
952	5	92	0	0.0000
953	5	89	0	0.0000
954	5	91	0	0.0000
955	5	96	0	0.0080
956	5	95	0	0.0000
957	5	80	0	0.0000
958	5	77	0	0.0349
959	5	80	0	0.0380
960	5	91	0	0.0000
961	6	85	0	0.0000
962	2	0	0	0.0000
963	7	61	0	0.0000
964	6	74	0	0.0000
965	6	100	0	0.0000
966	6	55	0	0.1450
967	6	61	1	0.4559
968	6	80	0	0.1598
969	6	75	0	0.2252
970	6	90	0	0.1461
971	6	76	0	0.1641
972	6	77	0	0.1611
973	5	78	0	0.2248
974	5	85	0	0.1885
975	6	79	0	0.2060
976	5	87	0	0.1824
977	6	66	0	0.2888
978	5	90	0	0.1654
979	5	90	0	0.0372
980	5	87	0	0.0593
981	5	81	0	0.2437
982	5	76	0	0.0154
983	5	62	0	0.0000
984	5	88	0	0.0000
985	5	81	0	0.0193
986	5	71	0	0.0210
987	5	83	0	0.0116
988	5	84	0	0.0000
989	5	83	0	0.0144
990	5	93	0	0.0000
991	5	87	0	0.0000
992	5	98	0	0.0069
993	5	88	0	0.0000
994	5	76	0	0.0230
995	5	87	0	0.0000
996	5	89	0	0.0000
997	5	79	0	0.0408
998	5	80	0	0.0000
999	5	95	0	0.0000
1000	5	90	0	0.0000
1001	6	88	0	0.0000
1002	6	79	0	0.0000
1003	6	84	0	0.0000
1004	6	100	0	0.0000
1005	6	71	0	0.3116
1006	7	45	0	0.3231
1007	6	92	0	0.1128
1008	6	84	0	0.0000
1009	6	67	0	0.0000
1010	6	79	0	0.2144
1011	6	78	0	0.1580
1012	6	84	0	0.1181
1013	6	72	0	0.2791
1014	6	90	0	0.1555
1015	6	97	0	0.1447
1016	6	82	0	0.2006
1017	6	70	0	0.1592
1018	5	90	0	0.0000
1019	5	92	0	0.1711
1020	5	66	0	0.2185
1021	5	79	0	0.0083
1022	5	86	0	0.1599
1023	5	79	0	0.2268
1024	5	81	0	0.1941
1025	5	87	0	0.0084
1026	5	67	0	0.3361
1027	5	81	0	0.0000
1028	5	79	0	0.0000
1029	5	81	0	0.2253
1030	5	93	0	0.0112
1031	5	84	0	0.0156
1032	5	86	0	0.0000
1033	5	98	0	0.0000
1034	5	89	0	0.0000
1035	5	93	0	0.0127
1036	5	100	0	0.0000
1037	5	95	0	0.0000
1038	5	98	0	0.0000
1039	5	95	0	0.0109
1040	5	95	0	0.0000
1041	2	0	0	0.0000
1042	6	99	0	0.0000
1043	6	83	0	0.0000
1044	6	90	0	0.0000
1045	7	47	0	0.3768
1046	6	68	0	0.2828
1047	6	97	0	0.1587
1048	6	71	0	0.0000
1049	6	62	0	0.3094
1050	6	81	0	0.0000
1051	6	72	0	0.2797
1052	6	68	0	0.1881
1053	6	89	0	0.1397
1054	5	66	0	0.2494
1055	6	41	1	0.4945
1056	5	54	0	0.3274
1057	5	61	0	0.3022
1058	6	71	0	0.2807
1059	5	80	0	0.1822
1060	5	87	0	0.0000
1061	5	94	0	0.1692
1062	5	91	0	0.0000
1063	5	88	0	0.1759
1064	5	87	0	0.0000
1065	5	89	0	0.0000
1066	5	80	0	0.2287
1067	5	91	0	0.0000
1068	5	91	0	0.0000
1069	5	95	0	0.1592
1070	5	82	0	0.0184
1071	5	88	0	0.0000
1072	5	96	0	0.0000
1073	5	96	0	0.0000
1074	5	91	0	0.0000
1075	5	94	0	0.0688
1076	5	89	0	0.1001
1077	5	97	0	0.0000
1078	5	94	0	0.0000
1079	5	89	0	0.0000
1080	5	91	0	0.0000
1081	2	0	0	0.0000
1082	6	76	0	0.0000
1083	6	100	0	0.0000
1084	6	94	0	0.0000
1085	6	89	0	0.0000
1086	6	93	0	0.0000
1087	6	86	0	0.0000
1088	6	70	0	0.3197
1089	6	89	0	0.0000
1090	6	65	0	0.2801
1091	6	96	0	0.1553
1092	6	84	0	0.1388
1093	6	88	0	0.0000
1094	6	79	0	0.1529
1095	6	49	0	0.2577
1096	6	83	0	0.1679
1097	5	80	0	0.2153
1098	5	98	0	0.1711
1099	5	85	0	0.0066
1100	5	70	0	0.2611
1101	5	69	0	0.2752
1102	5	95	0	0.0000
1103	5	77	0	0.2359
1104	5	93	0	0.0164
1105	5	77	0	0.0196
1106	5	88	0	0.0000
1107	5	80	0	0.0000
1108	5	93	0	0.0096
1109	5	99	0	0.0077
1110	5	80	0	0.1412
1111	5	94	0	0.0000
1112	5	89	0	0.0000
1113	5	96	0	0.0000
1114	5	86	0	0.1980
1115	5	97	0	0.0000
1116	5	99	0	0.0000
1117	5	91	0	0.0163
1118	5	87	0	0.0000
1119	5	98	0	0.0000
1120	5	99	0	0.0125
1121	6	91	0	0.0000
1122	2	0	0	0.0000
1123	6	68	0	0.0000
1124	6	73	0	0.0000
1125	2	0	0	0.0000
1126	6	64	0	0.0304
1127	6	71	0	0.0000
1128	6	94	0	0.0000
1129	6	91	0	0.1436
1130	6	73	0	0.1023
1131	6	78	0	0.1588
1132	5	53	0	0.4785
1133	5	90	0	0.0091
1134	6	88	0	0.1569
1135	5	42	0	0.0146
1136	5	84	0	0.2047
1137	5	81	0	0.0150
1138	5	80	0	0.2354
1139	5	56	0	0.3624
1140	5	86	0	0.1946
1141	5	87	0	0.0000
1142	5	75	0	0.2246
1143	5	81	0	0.0000
1144	5	88	0	0.0000
1145	5	87	0	0.0000
1146	5	88	0	0.0000
1147	5	87	0	0.0389
1148	5	94	0	0.0544
1149	5	91	0	0.0000
1150	5	93	0	0.0151
1151	5	86	0	0.1687
1152	5	87	0	0.0297
1153	5	97	0	0.0104
1154	5	96	0	0.0663
1155	5	93	0	0.0124
1156	5	98	0	0.0000
1157	5	91	0	0.0066
1158	5	98	0	0.0000
1159	5	97	0	0.0000
1160	5	77	0	0.1083
1161	2	0	0	0.0000
1162	6	77	0	0.0000
1163	6	89	0	0.0000
1164	7	57	0	0.1197
1165	7	50	0	0.0778
1166	6	83	0	0.0000
1167	6	78	0	0.0000
1168	6	95	0	0.0000
1169	6	68	0	0.1946
1170	6	91	0	0.1753
1171	6	95	0	0.1358
1172	5	98	0	0.1588
1173	6	63	0	0.1363
1174	6	81	0	0.1574
1175	6	86	0	0.1598
1176	5	69	0	0.2080
1177	6	81	0	0.2247
1178	6	85	0	0.1599
1179	5	88	0	0.0084
1180	6	69	0	0.3018
1181	5	83	0	0.0000
1182	5	93	0	0.0278
1183	5	87	0	0.2100
1184	5	88	0	0.0000
1185	5	85	0	0.2025
1186	5	87	0	0.0000
1187	5	95	0	0.0000
1188	5	91	0	0.0000
1189	5	87	0	0.0558
1190	5	93	0	0.0000
1191	5	89	0	0.0166
1192	5	98	0	0.0000
1193	5	85	0	0.0271
1194	5	93	0	0.0000
1195	5	89	0	0.0290
1196	5	83	0	0.0311
1197	5	92	0	0.0000
1198	5	100	0	0.0000
1199	5	96	0	0.0000
1200	5	95	0	0.0000
1201	6	100	0	0.0000
1202	7	68	0	0.0234
1203	2	0	0	0.0000
1204	6	100	0	0.0000
1205	7	63	0	0.0986
1206	6	82	0	0.0000
1207	6	80	0	0.0000
1208	6	81	0	0.0000
1209	6	91	0	0.0000
1210	6	98	0	0.1280
1211	6	91	0	0.1377
1212	6	42	0	0.3656
1213	6	91	0	0.1717
1214	5	91	0	0.1839
1215	5	76	0	0.1519
1216	5	91	0	0.0549
1217	5	78	0	0.2471
1218	6	82	0	0.2476
1219	6	84	0	0.1751
1220	5	65	0	0.2924
1221	5	93	0	0.0000
1222	5	86	0	0.2119
1223	5	87	0	0.0000
1224	5	92	0	0.1604
1225	5	81	0	0.2064
1226	5	79	0	0.0147
1227	5	91	0	0.0064
1228	5	94	0	0.0000
1229	5	74	0	0.3255
1230	5	96	0	0.0139
1231	5	88	0	0.0112
1232	5	88	0	0.0113
1233	5	91	0	0.0000
1234	5	95	0	0.0000
1235	5	99	0	0.0000
1236	5	99	0	0.0000
1237	5	98	0	0.0000
1238	5	96	0	0.0000
1239	5	95	0	0.0000
1240	5	99	0	0.0000
1241	6	93	0	0.0000
1242	6	100	0	0.0000
1243	6	100	0	0.0000
1244	6	80	0	0.0000
1245	6	88	0	0.0000
1246	6	97	0	0.0000
1247	6	71	0	0.0000
1248	6	80	0	0.0000
1249	6	96	0	0.1253
1250	6	100	0	0.1255
1251	6	89	0	0.1617
1252	6	80	0	0.1802
1253	6	78	0	0.0245
1254	5	88	0	0.0177
1255	5	100	0	0.0131
1256	5	91	0	0.1940
1257	6	91	0	0.1459
1258	6	86	0	0.1440
1259	5	97	0	0.1504
1260	5	97	0	0.1687
1261	5	89	0	0.1912
1262	5	87	0	0.1811
1263	5	95	0	0.0000
1264	5	84	0	0.0000
1265	5	89	0	0.0000
1266	5	86	0	0.1278
1267	5	88	0	0.0000
1268	5	94	0	0.0112
1269	5	86	0	0.0180
1270	5	85	0	0.0172
1271	5	84	0	0.0190
1272	5	83	0	0.0169
1273	5	97	0	0.0089
1274	5	92	0	0.0111
1275	5	92	0	0.0855
1276	5	98	0	0.0000
1277	5	98	0	0.0000
1278	5	97	0	0.0125
1279	5	96	0	0.0147
1280	5	95	0	0.0146
1281	2	0	0	0.0000
1282	6	81	0	0.0000
1283	6	100	0	0.0000
1284	6	97	0	0.0000
1285	6	77	0	0.0000
1286	6	71	0	0.0000
1287	6	67	0	0.0000
1288	6	100	0	0.1304
1289	6	40	0	0.0000
1290	6	84	0	0.0000
1291	6	73	0	0.1157
1292	6	91	0	0.1507
1293	6	84	0	0.1867
1294	5	94	0	0.1815
1295	5	75	0	0.2300
1296	6	87	0	0.1487
1297	5	83	0	0.1681
1298	5	97	0	0.0071
1299	6	39	1	0.4469
1300	5	98	0	0.0080
1301	5	93	0	0.1738
1302	5	81	0	0.2448
1303	5	99	0	0.0247
1304	5	89	0	0.0000
1305	5	93	0	0.1560
1306	5	97	0	0.0000
1307	5	74	0	0.2496
1308	5	92	0	0.0000
1309	5	93	0	0.0000
1310	5	98	0	0.0252
1311	5	89	0	0.0232
1312	5	96	0	0.0000
1313	5	90	0	0.0156
1314	5	96	0	0.0000
1315	5	90	0	0.0150
1316	5	83	0	0.0320
1317	5	90	0	0.0112
1318	5	98	0	0.0000
1319	5	95	0	0.0128
1320	5	93	0	0.0343
1321	6	94	0	0.0000
1322	2	0	0	0.0000
1323	6	65	0	0.0000
1324	6	72	0	0.1451
1325	6	93	0	0.0000
1326	6	87	0	0.0000
1327	6	96	0	0.1483
1328	6	50	0	0.1989
1329	6	99	0	0.0937
1330	6	94	0	0.1514
1331	6	95	0	0.1386
1332	6	84	0	0.1807
1333	6	82	0	0.1548
1334	6	92	0	0.0897
1335	6	94	0	0.1157
1336	5	90	0	0.1525
1337	5	95	0	0.0140
1338	5	87	0	0.1899
1339	5	94	0	0.0000
1340	5	91	0	0.0000
1341	5	95	0	0.1719
1342	5	93	0	0.1729
1343	5	93	0	0.0072
1344	5	81	0	0.2460
1345	5	95	0	0.0706
1346	5	98	0	0.1457
1347	5	92	0	0.1916
1348	5	93	0	0.1733
1349	5	92	0	0.1905
1350	5	99	0	0.0152
1351	5	87	0	0.2119
1352	5	96	0	0.0000
1353	5	89	0	0.0142
1354	5	100	0	0.0000
1355	5	88	0	0.0282
1356	5	94	0	0.0000
1357	5	98	0	0.0000
1358	5	97	0	0.0000
1359	5	94	0	0.0000
1360	5	100	0	0.0000
1361	6	99	0	0.0000
1362	2	0	0	0.0000
1363	6	65	0	0.0000
1364	6	96	0	0.0000
1365	6	94	0	0.0000
1366	6	65	0	0.2002
1367	6	96	0	0.0000
1368	6	82	0	0.0000
1369	6	74	0	0.0817
1370	6	83	0	0.1653
1371	6	96	0	0.0000
1372	6	91	0	0.1391
1373	5	94	0	0.1666
1374	6	83	0	0.0000
1375	5	95	0	0.1713
1376	6	90	0	0.0998
1377	6	62	0	0.2175
1378	6	83	0	0.2033
1379	5	93	0	0.0340
1380	5	96	0	0.1613
1381	5	93	0	0.0000
1382	5	98	0	0.1749
1383	6	95	0	0.1568
1384	5	90	0	0.0000
1385	5	95	0	0.0330
1386	5	93	0	0.0000
1387	5	74	0	0.0268
1388	5	95	0	0.0131
1389	5	95	0	0.0166
1390	5	96	0	0.0101
1391	5	97	0	0.0097
1392	5	97	0	0.0000
1393	5	98	0	0.0000
1394	5	97	0	0.0130
1395	5	95	0	0.0000
1396	5	96	0	0.1726
1397	5	98	0	0.0091
1398	5	96	0	0.0117
1399	5	96	0	0.0215
1400	5	100	0	0.0000
1401	2	0	0	0.0000
1402	7	77	0	0.0284
1403	6	95	0	0.0000
1404	6	54	0	0.0000
1405	6	99	0	0.0000
1406	6	93	0	0.0919
1407	6	100	0	0.1067
1408	6	79	0	0.1098
1409	6	99	0	0.0000
1410	6	75	0	0.0269
1411	6	93	0	0.1345
1412	6	81	0	0.1534
1413	6	83	0	0.1589
1414	6	73	0	0.1622
1415	6	92	0	0.1715
1416	5	93	0	0.1883
1417	6	96	0	0.1365
1418	5	91	0	0.1986
1419	5	100	0	0.0069
1420	6	92	0	0.2124
1421	5	92	0	0.1793
1422	5	87	0	0.2136
1423	5	96	0	0.0114
1424	5	91	0	0.0000
1425	5	84	0	0.1811
1426	5	83	0	0.0000
1427	5	99	0	0.0197
1428	5	98	0	0.0074
1429	5	84	0	0.0254
1430	5	95	0	0.0433
1431	5	95	0	0.0120
1432	5	98	0	0.0051
1433	5	99	0	0.0000
1434	5	99	0	0.0000
1435	5	92	0	0.0000
1436	5	100	0	0.0455
1437	5	96	0	0.0129
1438	5	95	0	0.0157
1439	5	100	0	0.0000
1440	5	97	0	0.0112
1441	2	0	0	0.0000
1442	6	80	0	0.0000
1443	6	73	0	0.0000
1444	2	0	0	0.0000
1445	6	100	0	0.0000
1446	6	84	0	0.0000
1447	6	95	0	0.0000
1448	6	94	0	0.0000
1449	6	98	0	0.1156
1450	6	93	0	0.1723
1451	5	97	0	0.1714
1452	5	89	0	0.2161
1453	5	99	0	0.0092
1454	6	84	0	0.1632
1455	6	93	0	0.1396
1456	6	97	0	0.1250
1457	5	97	0	0.1682
1458	6	78	0	0.1773
1459	6	50	0	0.3512
1460	5	87	0	0.0000
1461	6	63	0	0.3096
1462	5	96	0	0.0105
1463	5	90	0	0.1944
1464	5	79	0	0.0000
1465	5	89	0	0.1727
1466	5	99	0	0.1772
1467	5	89	0	0.0318
1468	5	90	0	0.0163
1469	5	98	0	0.0262
1470	5	99	0	0.0000
1471	5	93	0	0.0115
1472	5	91	0	0.0000
1473	5	91	0	0.0517
1474	5	97	0	0.0000
1475	5	99	0	0.0000
1476	5	96	0	0.0249
1477	5	100	0	0.0000
1478	5	96	0	0.0145
1479	5	96	0	0.1589
1480	5	97	0	0.0000
1481	2	0	0	0.0000
1482	6	97	0	0.0539
1483	6	97	0	0.0000
1484	6	88	0	0.0000
1485	6	72	0	0.1077
1486	6	95	0	0.0000
1487	6	75	0	0.0000
1488	6	96	0	0.0000
1489	6	92	0	0.0000
1490	6	90	0	0.1716
1491	6	99	0	0.1247
1492	6	91	0	0.1338
1493	5	97	0	0.1515
1494	5	91	0	0.1743
1495	6	62	0	0.1768
1496	5	91	0	0.1964
1497	5	96	0	0.1575
1498	5	87	0	0.0000
1499	6	85	0	0.1777
1500	5	98	0	0.0350
1501	5	97	0	0.0000
1502	5	95	0	0.1763
1503	5	98	0	0.1680
1504	5	97	0	0.0069
1505	5	98	0	0.1434
1506	5	98	0	0.0061
1507	5	83	0	0.0099
1508	5	76	0	0.1143
1509	5	96	0	0.0000
1510	5	94	0	0.0000
1511	5	94	0	0.0294
1512	5	96	0	0.0100
1513	5	91	0	0.0164
1514	5	95	0	0.0563
1515	5	92	0	0.0184
1516	5	92	0	0.1982
1517	5	98	0	0.0000
1518	5	96	0	0.0151
1519	5	100	0	0.0087
1520	5	99	0	0.0298
1521	6	100	0	0.0000
1522	6	86	0	0.0000
1523	6	79	0	0.0000
1524	6	91	0	0.0000
1525	6	80	0	0.0000
1526	6	95	0	0.0000
1527	6	93	0	0.0000
1528	6	90	0	0.0000
1529	6	83	0	0.1203
1530	6	86	0	0.0000
1531	6	95	0	0.1327
1532	6	100	0	0.0978
1533	5	91	0	0.1956
1534	5	97	0	0.1329
1535	6	99	0	0.1784
1536	5	96	0	0.1206
1537	5	81	0	0.1860
1538	5	94	0	0.1644
1539	5	96	0	0.1672
1540	5	96	0	0.0000
1541	5	100	0	0.1376
1542	5	96	0	0.0000
1543	5	93	0	0.1887
1544	5	91	0	0.1773
1545	5	99	0	0.0000
1546	5	90	0	0.2024
1547	5	98	0	0.0000
1548	5	90	0	0.0000
1549	5	92	0	0.0184
1550	5	92	0	0.0122
1551	5	94	0	0.0000
1552	5	98	0	0.0092
1553	5	96	0	0.0126
1554	5	94	0	0.0167
1555	5	99	0	0.0000
1556	5	99	0	0.0000
1557	5	97	0	0.0000
1558	5	98	0	0.0000
1559	5	100	0	0.0000
1560	5	98	0	0.0000
1561	7	100	0	0.0000
1562	6	86	0	0.0000
1563	6	74	0	0.0000
1564	6	97	0	0.0000
1565	6	81	0	0.0000
1566	6	81	0	0.0000
1567	6	91	0	0.0000
1568	6	74	0	0.0000
1569	6	85	0	0.1984
1570	6	99	0	0.1367
1571	6	93	0	0.1213
1572	6	88	0	0.0000
1573	6	85	0	0.2671
1574	6	93	0	0.1405
1575	5	82	0	0.2079
1576	6	72	0	0.3633
1577	5	98	0	0.1741
1578	6	97	0	0.0911
1579	5	97	0	0.1330
1580	5	95	0	0.1695
1581	5	94	0	0.1375
1582	5	94	0	0.0120
1583	5	85	0	0.1667
1584	5	87	0	0.0077
1585	5	96	0	0.1452
1586	5	94	0	0.0000
1587	5	88	0	0.0135
1588	5	94	0	0.0000
1589	5	95	0	0.0000
1590	5	98	0	0.0000
1591	5	89	0	0.1921
1592	5	99	0	0.0000
1593	5	99	0	0.0000
1594	5	99	0	0.0000
1595	5	97	0	0.0000
1596	5	96	0	0.0000
1597	5	100	0	0.0152
1598	5	99	0	0.0000
1599	5	99	0	0.0000
1600	5	98	0	0.0091
1601	2	0	0	0.0000
1602	6	100	0	0.0000
1603	6	84	0	0.0796
1604	6	63	0	0.0000
1605	6	96	0	0.0000
1606	6	99	0	0.1335
1607	6	84	0	0.2740
1608	6	95	0	0.0982
1609	6	73	0	0.0000
1610	6	82	0	0.0261
1611	6	100	0	0.1255
1612	6	87	0	0.1498
1613	6	87	0	0.1616
1614	5	92	0	0.0000
1615	6	95	0	0.1164
1616	6	100	0	0.1176
1617	5	98	0	0.1440
1618	5	98	0	0.0142
1619	5	95	0	0.1668
1620	5	94	0	0.1530
1621	5	88	0	0.1780
1622	5	94	0	0.0000
1623	6	83	0	0.1982
1624	5	89	0	0.1875
1625	5	96	0	0.0000
1626	5	96	0	0.0000
1627	5	97	0	0.1586
1628	5	91	0	0.1886
1629	5	100	0	0.0301
1630	5	97	0	0.0119
1631	5	99	0	0.0000
1632	5	96	0	0.0000
1633	5	97	0	0.0000
1634	5	97	0	0.1695
1635	5	97	0	0.0000
1636	5	96	0	0.0000
1637	5	96	0	0.0158
1638	5	97	0	0.0296
1639	5	96	0	0.0000
1640	5	99	0	0.0000
1641	6	100	0	0.0000
1642	2	0	0	0.0000
1643	6	90	0	0.0277
1644	6	93	0	0.0000
1645	6	98	0	0.0000
1646	6	99	0	0.0000
1647	6	91	0	0.0000
1648	6	91	0	0.0000
1649	6	100	0	0.1277
1650	5	100	0	0.1565
1651	6	100	0	0.0917
1652	6	96	0	0.0194
1653	6	99	0	0.1395
1654	6	92	0	0.1140
1655	5	81	0	0.3016
1656	5	97	0	0.1615
1657	5	85	0	0.2256
1658	5	92	0	0.1714
1659	5	94	0	0.1203
1660	5	95	0	0.0293
1661	6	96	0	0.1049
1662	5	97	0	0.0439
1663	6	91	0	0.1693
1664	5	100	0	0.0000
1665	5	100	0	0.0033
1666	5	99	0	0.0104
1667	5	97	0	0.1236
1668	5	96	0	0.0099
1669	5	96	0	0.1706
1670	5	99	0	0.0116
1671	5	94	0	0.0163
1672	5	99	0	0.0380
1673	5	99	0	0.0000
1674	5	99	0	0.0270
1675	5	100	0	0.0000
1676	5	99	0	0.0000
1677	5	99	0	0.0000
1678	5	97	0	0.0000
1679	5	100	0	0.0000
1680	5	98	0	0.0121
1681	2	0	0	0.0000
1682	7	87	0	0.0228
1683	6	100	0	0.0000
1684	6	99	0	0.0000
1685	2	0	0	NaN
1686	6	95	0	0.0000
1687	6	88	0	0.0000
1688	6	96	0	0.1372
1689	6	100	0	0.1343
1690	6	100	0	0.1088
1691	6	77	0	0.0000
1692	6	100	0	0.1235
1693	6	99	0	0.1565
1694	6	91	0	0.2258
1695	5	99	0	0.0000
1696	6	90	0	0.1670
1697	6	100	0	0.1316
1698	5	99	0	0.0125
1699	5	84	0	0.0072
1700	5	94	0	0.0121
1701	5	88	0	0.2195
1702	5	96	0	0.0062
1703	5	96	0	0.0103
1704	5	81	0	0.2271
1705	5	100	0	0.0000
1706	5	84	0	0.0285
1707	5	93	0	0.1555
1708	5	90	0	0.0141
1709	5	97	0	0.1545
1710	5	97	0	0.0117
1711	5	100	0	0.0000
1712	5	91	0	0.0000
1713	5	100	0	0.0000
1714	5	95	0	0.0000
1715	5	98	0	0.0000
1716	5	98	0	0.0000
1717	5	100	0	0.1702
1718	5	100	0	0.0000
1719	5	92	0	0.0206
1720	5	100	0	0.0000
1721	6	100	0	0.0000
1722	6	89	0	0.0000
1723	6	99	0	0.0000
1724	6	83	0	0.0253
1725	6	97	0	0.0000
1726	6	100	0	0.0000
1727	6	95	0	0.0000
1728	6	99	0	0.0000
1729	6	93	0	0.1413
1730	6	83	0	0.0000
1731	6	94	0	0.1519
1732	6	94	0	0.0210
1733	6	100	0	0.1028
1734	6	96	0	0.1152
1735	6	83	0	0.1780
1736	6	87	0	0.2719
1737	5	100	0	0.0255
1738	5	93	0	0.1923
1739	6	82	0	0.1296
1740	5	98	0	0.0160
1741	5	95	0	0.1942
1742	5	98	0	0.0903
1743	5	98	0	0.1511
1744	5	100	0	0.0156
1745	6	86	0	0.1156
1746	5	96	0	0.1727
1747	5	97	0	0.1884
1748	5	99	0	0.0000
1749	5	94	0	0.1649
1750	5	97	0	0.1548
1751	5	100	0	0.0046
1752	5	99	0	0.0246
1753	5	99	0	0.0000
1754	5	97	0	0.0106
1755	5	100	0	0.0000
1756	5	99	0	0.0000
1757	5	99	0	0.0235
1758	5	99	0	0.0141
1759	5	100	0	0.0000
1760	5	95	0	0.0000
1761	6	100	0	0.0000
1762	2	0	0	0.0000
1763	7	85	0	0.0864
1764	6	96	0	0.0000
1765	6	95	0	0.0951
1766	6	79	0	0.0000
1767	6	94	0	0.0000
1768	6	99	0	0.0708
1769	6	100	0	0.1132
1770	6	98	0	0.0913
1771	6	95	0	0.0000
1772	6	77	0	0.0000
1773	5	98	0	0.1584
1774	6	92	0	0.0000
1775	5	99	0	0.1400
1776	5	98	0	0.1397
1777	5	99	0	0.1537
1778	6	97	0	0.1509
1779	5	89	0	0.1758
1780	6	88	0	0.2040
1781	5	87	0	0.2473
1782	5	94	0	0.1853
1783	5	98	0	0.1693
1784	5	80	0	0.2519
1785	5	100	0	0.0141
1786	5	100	0	0.0571
1787	5	98	0	0.0109
1788	5	99	0	0.1668
1789	5	99	0	0.0000
1790	5	95	0	0.0135
1791	5	92	0	0.0194
1792	5	95	0	0.0121
1793	5	100	0	0.0000
1794	5	95	0	0.0087
1795	5	99	0	0.0295
1796	5	99	0	0.0131
1797	5	99	0	0.0095
1798	5	100	0	0.0000
1799	5	100	0	0.0113
1800	5	99	0	0.0000
1801	2	0	0	0.0000
1802	6	89	0	0.0000
1803	2	0	0	0.0000
1804	7	83	0	0.1421
1805	6	100	0	0.0000
1806	7	50	0	0.1946
1807	6	100	0	0.0000
1808	6	99	0	0.0000
1809	6	98	0	0.1472
1810	6	80	0	0.1209
1811	6	78	0	0.1992
1812	6	92	0	0.0000
1813	6	92	0	0.1885
1814	5	100	0	0.1401
1815	5	99	0	0.1450
1816	5	100	0	0.0036
1817	5	100	0	0.1510
1818	5	98	0	0.0000
1819	6	85	0	0.1643
1820	5	91	0	0.2106
1821	5	97	0	0.0088
1822	5	92	0	0.1921
1823	5	96	0	0.1584
1824	5	98	0	0.0116
1825	5	98	0	0.1720
1826	5	98	0	0.0000
1827	5	99	0	0.0000
1828	5	86	0	0.1991
1829	5	95	0	0.1738
1830	5	100	0	0.0474
1831	5	99	0	0.0000
1832	5	92	0	0.0149
1833	5	99	0	0.1487
1834	5	93	0	0.0176
1835	5	97	0	0.0169
1836	5	96	0	0.0162
1837	5	96	0	0.0133
1838	5	100	0	0.0000
1839	5	100	0	0.0128
1840	5	100	0	0.0133
1841	2	0	0	0.0000
1842	6	100	0	0.0000
1843	6	87	0	0.0551
1844	6	94	0	0.0000
1845	6	84	0	0.0573
1846	6	100	0	0.1388
1847	6	99	0	0.0000
1848	6	100	0	0.0000
1849	6	96	0	0.0000
1850	6	89	0	0.1739
1851	6	98	0	0.0000
1852	6	100	0	0.0000
1853	5	99	0	0.1724
1854	5	100	0	0.1601
1855	6	89	0	0.1656
1856	6	97	0	0.1349
1857	6	97	0	0.1434
1858	5	100	0	0.1582
1859	5	100	0	0.0069
1860	5	100	0	0.0195
1861	6	96	0	0.1759
1862	5	97	0	0.1629
1863	5	95	0	0.0109
1864	5	100	0	0.1571
1865	5	97	0	0.1541
1866	5	99	0	0.0067
1867	5	93	0	0.0000
1868	5	100	0	0.1392
1869	5	98	0	0.0000
1870	6	94	0	0.1621
1871	5	100	0	0.0000
1872	5	97	0	0.0000
1873	5	99	0	0.0141
1874	5	96	0	0.0135
1875	5	100	0	0.1549
1876	5	87	0	0.2310
1877	5	99	0	0.0360
1878	5	98	0	0.1098
1879	5	99	0	0.0000
1880	5	100	0	0.0000
1881	6	100	0	0.0000
1882	6	100	0	0.0000
1883	6	78	0	0.0000
1884	6	100	0	0.0000
1885	6	96	0	0.0088
1886	6	64	0	0.0000
1887	6	95	0	0.0136
1888	6	98	0	0.0000
1889	6	100	0	0.0000
1890	6	100	0	0.0915
1891	6	100	0	0.0000
1892	6	48	1	0.5395
1893	6	54	0	0.0000
1894	6	97	0	0.1343
1895	6	83	0	0.1309
1896	5	100	0	0.0845
1897	5	97	0	0.1829
1898	5	100	0	0.0061
1899	6	98	0	0.1179
1900	6	92	0	0.1222
1901	5	100	0	0.1378
1902	5	97	0	0.1599
1903	5	75	0	0.0172
1904	5	100	0	0.0174
1905	5	95	0	0.0112
1906	5	100	0	0.0241
1907	6	100	0	0.0977
1908	6	89	0	0.2190
1909	5	88	0	0.2284
1910	5	99	0	0.0000
1911	5	100	0	0.1356
1912	5	98	0	0.0125
1913	5	99	0	0.0000
1914	5	99	0	0.0000
1915	5	100	0	0.0000
1916	5	100	0	0.1644
1917	5	84	0	0.2783
1918	5	100	0	0.0098
1919	5	96	0	0.0278
1920	5	97	0	0.0236
1921	6	100	0	0.0000
1922	6	94	0	0.0000
1923	2	0	0	0.0000
1924	6	83	0	0.0000
1925	6	94	0	0.0000
1926	6	99	0	0.1580
1927	6	90	0	0.0000
1928	6	100	0	0.0000
1929	6	100	0	0.1045
1930	6	92	0	0.0000
1931	6	88	0	0.0000
1932	6	98	0	0.1447
1933	6	95	0	0.1426
1934	6	99	0	0.1525
1935	6	98	0	0.1389
1936	5	99	0	0.1486
1937	5	98	0	0.0000
1938	5	100	0	0.0076
1939	5	99	0	0.1676
1940	5	94	0	0.1516
1941	6	92	0	0.2412
1942	5	95	0	0.1925
1943	5	98	0	0.0299
1944	5	100	0	0.0345
1945	5	100	0	0.1487
1946	5	99	0	0.1637
1947	5	88	0	0.2039
1948	5	94	0	0.1851
1949	5	99	0	0.0118
1950	5	97	0	0.0134
1951	5	98	0	0.1768
1952	5	83	0	0.0229
1953	5	97	0	0.0000
1954	5	97	0	0.1675
1955	5	98	0	0.0128
1956	5	100	0	0.0000
1957	5	100	0	0.1697
1958	5	98	0	0.0252
1959	5	100	0	0.0111
1960	5	99	0	0.0274
1961	2	0	0	0.0000
1962	2	0	0	0.0000
1963	6	100	0	0.0000
1964	2	0	0	0.0000
1965	6	73	0	0.0000
1966	6	97	0	0.1815
1967	6	96	0	0.1587
1968	6	98	0	0.1319
1969	8	57	0	0.3464
1970	6	99	0	0.1026
1971	6	100	0	0.1259
1972	5	100	0	0.1281
1973	6	100	0	0.0000
1974	6	97	0	0.1468
1975	5	99	0	0.0131
1976	6	98	0	0.1319
1977	6	94	0	0.1341
1978	6	98	0	0.1080
1979	5	95	0	0.2012
1980	5	98	0	0.1705
1981	5	99	0	0.0000
1982	5	99	0	0.0099
1983	5	98	0	0.0000
1984	6	98	0	0.1369
1985	6	81	0	0.2519
1986	5	98	0	0.0148
1987	5	99	0	0.0059
1988	5	99	0	0.0267
1989	5	100	0	0.1668
1990	5	98	0	0.0144
1991	6	92	0	0.1497
1992	5	98	0	0.1620
1993	5	99	1	0.1174
1994	5	99	0	0.1628
1995	5	98	0	0.1635
1996	5	99	0	0.0130
1997	5	98	0	0.1538
1998	5	100	0	0.0104
1999	5	100	0	0.0092
2000	5	100	0	0.0165
2001	2	0	0	0.0000
2002	6	95	0	0.0000
2003	6	88	0	0.0000
2004	6	100	0	0.0000
2005	6	72	0	0.0000
2006	6	100	0	0.0000
2007	6	87	0	0.0000
2008	6	99	0	0.0000
2009	6	57	0	0.0000
2010	6	100	0	0.0000
2011	6	98	0	0.1489
2012	6	98	0	0.1282
2013	6	97	0	0.1452
2014	6	92	0	0.1622
2015	6	93	0	0.1383
2016	5	99	0	0.1537
2017	6	98	0	0.1249
2018	6	91	0	0.1676
2019	6	99	0	0.1139
2020	6	80	0	0.2115
2021	5	99	0	0.1407
2022	6	100	0	0.1146
2023	5	100	0	0.0458
2024	5	100	0	0.1669
2025	5	96	0	0.0196
2026	5	100	0	0.0000
2027	5	97	0	0.1532
2028	5	100	0	0.0085
2029	5	100	0	0.0057
2030	5	99	0	0.1418
2031	5	89	0	0.1191
2032	5	99	0	0.1400
2033	5	99	0	0.0270
2034	5	98	0	0.0049
2035	5	91	0	0.0153
2036	5	99	0	0.1659
2037	5	99	0	0.0000
2038	5	99	0	0.0133
2039	5	100	0	0.1408
2040	5	99	0	0.0299
2041	7	100	0	0.0000
2042	6	100	0	0.0000
2043	6	100	0	0.0000
2044	6	83	0	0.0000
2045	6	100	0	0.0000
2046	6	100	0	0.0000
2047	6	85	0	0.2275
2048	6	100	0	0.0856
2049	6	100	0	0.0000
2050	6	98	0	0.0000
2051	6	90	0	0.1588
2052	6	93	0	0.1691
2053	6	100	0	0.1183
2054	5	100	0	0.1621
2055	5	99	0	0.1565
2056	6	77	0	0.2151
2057	6	81	0	0.2525
2058	6	93	0	0.1592
2059	6	89	0	0.1884
2060	5	99	0	0.1240
2061	6	100	0	0.1193
2062	6	100	0	0.1191
2063	5	99	0	0.1464
2064	5	100	0	0.0502
2065	5	100	0	0.0276
2066	5	100	0	0.0229
2067	5	99	0	0.1727
2068	5	98	0	0.0257
2069	5	99	0	0.0094
2070	5	99	0	0.0034
2071	5	99	0	0.0079
2072	5	98	0	0.0085
2073	5	98	0	0.1550
2074	5	100	0	0.0000
2075	5	100	0	0.0227
2076	5	100	0	0.0082
2077	5	98	0	0.1645
2078	5	100	0	0.0126
2079	5	99	0	0.0213
2080	5	100	0	0.1519
2081	6	100	0	0.0000
2082	6	100	0	0.0070
2083	6	100	0	0.0000
2084	6	100	0	0.0000
2085	6	97	0	0.0000
2086	6	100	0	0.0000
2087	6	100	0	0.0000
2088	6	65	0	0.0000
2089	6	99	0	0.1224
2090	5	100	0	0.1537
2091	6	98	0	0.1207
2092	6	88	0	0.0000
2093	6	99	0	0.0471
2094	6	100	0	0.1016
2095	6	97	0	0.1600
2096	6	93	0	0.1966
2097	5	100	0	0.1332
2098	6	100	0	0.1553
2099	6	99	0	0.1718
2100	6	97	0	0.0794
2101	6	100	0	0.0988
2102	5	97	0	0.1603
2103	5	100	0	0.0000
2104	5	98	0	0.0062
2105	5	97	0	0.1512
2106	5	94	0	0.0082
2107	5	100	0	0.0059
2108	6	98	0	0.1422
2109	6	90	0	0.2400
2110	5	99	0	0.1724
2111	5	99	0	0.0197
2112	5	90	0	0.2058
2113	5	98	0	0.0108
2114	5	100	0	0.0000
2115	5	93	0	0.0166
2116	5	93	0	0.1989
2117	5	100	0	0.0066
2118	5	100	0	0.0108
2119	5	99	0	0.0398
2120	5	100	0	0.0441
2121	6	100	0	0.0000
2122	7	97	0	0.0847
2123	6	100	0	0.0000
2124	6	100	0	0.0000
2125	6	100	0	0.0000
2126	6	98	0	0.1247
2127	6	93	0	0.0000
2128	6	100	0	0.0000
2129	6	87	0	0.0213
2130	6	97	0	0.1568
2131	6	99	0	0.1279
2132	6	95	0	0.1546
2133	6	99	0	0.0000
2134	6	99	0	0.1523
2135	5	100	0	0.0433
2136	5	100	0	0.0035
2137	6	82	0	0.0000
2138	6	99	0	0.0454
2139	5	97	0	0.1866
2140	6	98	0	0.1318
2141	6	96	0	0.1948
2142	5	100	0	0.0410
2143	6	64	0	0.4092
2144	5	98	0	0.0392
2145	5	99	0	0.1340
2146	5	100	0	0.1578
2147	5	100	0	0.0000
2148	5	96	0	0.2031
2149	5	94	0	0.1844
2150	5	100	0	0.1332
2151	5	99	0	0.1386
2152	5	100	0	0.0203
2153	5	99	0	0.0159
2154	5	98	0	0.0125
2155	5	99	0	0.1595
2156	5	99	0	0.0141
2157	5	99	0	0.0000
2158	5	98	0	0.0101
2159	5	99	0	0.0114
2160	5	98	0	0.0115
2161	6	100	0	0.0000
2162	7	98	0	0.0519
2163	6	99	0	0.0000
2164	6	100	0	0.0000
2165	6	95	0	0.0000
2166	6	100	0	0.0000
2167	6	98	0	0.0000
2168	6	98	0	0.0000
2169	6	100	0	0.0000
2170	6	100	0	0.1310
2171	6	99	0	0.0000
2172	6	97	0	0.0000
2173	6	99	0	0.0000
2174	6	97	0	0.1073
2175	6	99	0	0.1051
2176	5	100	0	0.0078
2177	6	80	0	0.0000
2178	5	100	0	0.0082
2179	5	98	0	0.0000
2180	5	100	0	0.0329
2181	5	100	0	0.0228
2182	5	100	0	0.1277
2183	6	98	0	0.1700
2184	5	100	0	0.1500
2185	5	95	0	0.0000
2186	5	100	0	0.1516
2187	5	97	0	0.1410
2188	5	98	0	0.0138
2189	6	98	0	0.1382
2190	5	100	0	0.1539
2191	5	99	0	0.0058
2192	5	100	0	0.0150
2193	5	99	0	0.1686
2194	5	99	0	0.0090
2195	5	97	0	0.0096
2196	5	95	0	0.0173
2197	5	99	0	0.0565
2198	5	99	0	0.0238
2199	5	98	0	0.0122
2200	5	100	0	0.0000
2201	2	0	0	0.0000
2202	7	93	0	0.0204
2203	6	100	0	0.1779
2204	6	99	0	0.0000
2205	6	99	0	0.0000
2206	6	100	0	0.0000
2207	6	97	0	0.0000
2208	6	97	0	0.0213
2209	6	97	0	0.0000
2210	6	95	0	0.1567
2211	6	100	0	0.1009
2212	6	100	0	0.0859
2213	6	100	0	0.1228
2214	6	98	0	0.1324
2215	6	98	0	0.0968
2216	6	99	0	0.1125
2217	5	100	0	0.0183
2218	5	100	0	0.1442
2219	5	99	0	0.1426
2220	5	99	0	0.1519
2221	6	99	0	0.1000
2222	5	100	0	0.1401
2223	5	100	0	0.0089
2224	6	99	0	0.1120
2225	5	92	0	0.1506
2226	5	100	0	0.0130
2227	6	99	0	0.1289
2228	5	100	0	0.0111
2229	5	96	0	0.0151
2230	5	98	0	0.0079
2231	5	99	0	0.1441
2232	6	86	0	0.2863
2233	5	97	0	0.0141
2234	5	98	0	0.0000
2235	5	100	0	0.0142
2236	5	99	0	0.0254
2237	5	99	0	0.1529
2238	5	99	0	0.0209
2239	5	99	0	0.0253
2240	5	95	0	0.1670
2241	2	0	0	0.0000
2242	2	0	0	0.0000
2243	6	100	0	0.0000
2244	6	100	0	0.0000
2245	6	99	0	0.0000
2246	6	82	0	0.0000
2247	6	100	0	0.0000
2248	6	98	0	0.0000
2249	6	98	0	0.1362
2250	6	97	0	0.0000
2251	5	99	0	0.1535
2252	6	86	0	0.0000
2253	5	100	0	0.1619
2254	6	100	0	0.1315
2255	5	98	0	0.1732
2256	6	92	0	0.1529
2257	5	98	0	0.1415
2258	5	100	0	0.1531
2259	6	100	0	0.0466
2260	5	100	0	0.1417
2261	6	95	0	0.1182
2262	6	100	0	0.1287
2263	5	100	0	0.0048
2264	5	100	0	0.0162
2265	5	100	0	0.0182
2266	5	98	0	0.0088
2267	5	100	0	0.0107
2268	5	97	0	0.1704
2269	5	100	0	0.1330
2270	5	100	0	0.1352
2271	5	100	0	0.0359
2272	5	98	0	0.0234
2273	6	87	0	0.1990
2274	5	94	0	0.0125
2275	5	100	0	0.0137
2276	5	99	0	0.0254
2277	5	100	0	0.1516
2278	5	100	0	0.0113
2279	5	99	0	0.0000
2280	5	100	0	0.0115
2281	6	100	0	0.0000
2282	2	0	0	0.0000
2283	2	0	0	0.0000
2284	6	100	0	0.0000
2285	6	100	0	0.1203
2286	6	91	0	0.0000
2287	6	100	0	0.1291
2288	6	100	0	0.0000
2289	6	74	0	0.0000
2290	6	100	0	0.1031
2291	6	99	0	0.1359
2292	6	98	0	0.0000
2293	6	76	0	0.1104
2294	6	98	0	0.1340
2295	6	100	0	0.1205
2296	6	100	0	0.1053
2297	6	96	0	0.1598
2298	5	100	0	0.1056
2299	5	100	0	0.1499
2300	6	100	0	0.0609
2301	5	99	0	0.1501
2302	6	99	0	0.1178
2303	5	100	0	0.1316
2304	5	100	0	0.1631
2305	6	97	0	0.0615
2306	5	99	0	0.1544
2307	5	98	0	0.0109
2308	5	97	0	0.1726
2309	5	99	0	0.1487
2310	6	97	0	0.1487
2311	6	99	0	0.1314
2312	5	100	0	0.0101
2313	5	99	0	0.1488
2314	5	100	0	0.0197
2315	5	100	0	0.0000
2316	5	100	0	0.0081
2317	5	100	0	0.1410
2318	5	100	0	0.0131
2319	5	98	0	0.0290
2320	5	99	0	0.1589
2321	2	0	0	0.0000
2322	2	0	0	0.0000
2323	2	0	0	0.0000
2324	6	100	0	0.0000
2325	6	100	0	0.0000
2326	6	100	0	0.0000
2327	6	100	0	0.0000
2328	6	99	0	0.0000
2329	6	97	0	0.1330
2330	6	100	0	0.1181
2331	6	92	0	0.0000
2332	6	95	0	0.0000
2333	5	100	0	0.0149
2334	6	100	0	0.1039
2335	6	99	0	0.1276
2336	6	96	0	0.0956
2337	6	93	0	0.1430
2338	6	100	0	0.1243
2339	5	100	0	0.0138
2340	6	100	0	0.0960
2341	6	81	0	0.3249
2342	5	100	0	0.1620
2343	5	100	0	0.0124
2344	5	99	0	0.1366
2345	5	96	0	0.1549
2346	5	100	0	0.1181
2347	5	100	0	0.0047
2348	6	92	0	0.1977
2349	5	96	0	0.1927
2350	5	99	0	0.1515
2351	5	100	0	0.1543
2352	5	98	0	0.0329
2353	5	99	0	0.0145
2354	5	96	0	0.1453
2355	5	100	0	0.0098
2356	5	99	0	0.0175
2357	5	99	0	0.1551
2358	5	100	0	0.0134
2359	5	100	0	0.0150
2360	5	100	0	0.0140
2361	2	0	0	0.0000
2362	6	100	0	0.0000
2363	6	100	0	0.0175
2364	6	100	0	0.0000
2365	6	99	0	0.0000
2366	6	98	0	0.0000
2367	6	100	0	0.0000
2368	6	100	0	0.1240
2369	6	99	0	0.0000
2370	6	99	0	0.0000
2371	6	89	0	0.1691
2372	6	100	0	0.1155
2373	6	99	0	0.1162
2374	6	99	0	0.0933
2375	6	99	0	0.1157
2376	6	100	0	0.0882
2377	6	95	0	0.1331
2378	6	85	0	0.1728
2379	5	100	0	0.0127
2380	5	97	0	0.1512
2381	5	100	0	0.0324
2382	6	98	0	0.1367
2383	6	94	0	0.1729
2384	5	99	0	0.1487
2385	5	100	0	0.1483
2386	6	100	0	0.1312
2387	5	100	0	0.1411
2388	5	100	0	0.1206
2389	5	100	0	0.0092
2390	5	97	0	0.0184
2391	5	99	0	0.1650
2392	5	100	0	0.0220
2393	5	100	0	0.1339
2394	6	94	0	0.1546
2395	5	100	0	0.0265
2396	5	95	0	0.0147
2397	5	92	0	0.2106
2398	5	98	0	0.1600
2399	5	100	0	0.0203
2400	5	100	0	0.0149
2401	2	0	0	0.0000
2402	6	100	0	0.0000
2403	6	100	0	0.0000
2404	6	100	0	0.0000
2405	6	100	0	0.0000
2406	6	100	0	0.0000
2407	6	100	0	0.0000
2408	6	99	0	0.0000
2409	6	100	0	0.0758
2410	6	100	0	0.1213
2411	6	98	0	0.1317
2412	6	98	0	0.1367
2413	5	100	0	0.1529
2414	5	100	0	0.0142
2415	6	99	0	0.1241
2416	5	100	0	0.1613
2417	6	100	0	0.1090
2418	5	100	0	0.1339
2419	6	98	0	0.1787
2420	6	99	0	0.0880
2421	6	94	0	0.1227
2422	5	97	0	0.1608
2423	6	99	0	0.1278
2424	5	100	0	0.0127
2425	6	95	0	0.1684
2426	5	99	0	0.1573
2427	5	100	0	0.0138
2428	5	99	0	0.0067
2429	5	98	0	0.0155
2430	5	100	0	0.1658
2431	5	99	0	0.0106
2432	6	93	0	0.1723
2433	5	100	0	0.0174
2434	5	100	0	0.0000
2435	5	96	0	0.0107
2436	5	100	0	0.0145
2437	5	99	0	0.0000
2438	5	100	0	0.0104
2439	5	100	0	0.0069
2440	5	100	0	0.0123
2441	2	0	0	0.0000
2442	2	0	0	0.0000
2443	6	100	0	0.0000
2444	6	100	0	0.0000
2445	6	100	0	0.0000
2446	6	100	0	0.1492
2447	6	100	0	0.0000
2448	6	100	0	0.1326
2449	6	100	0	0.0000
2450	6	100	0	0.1263
2451	6	99	0	0.0213
2452	5	100	0	0.1741
2453	6	100	0	0.1417
2454	5	100	0	0.1600
2455	5	100	0	0.1445
2456	6	98	0	0.1090
2457	6	100	0	0.1193
2458	6	99	0	0.1276
2459	5	100	0	0.1360
2460	5	99	0	0.1390
2461	6	100	0	0.1207
2462	5	99	0	0.1394
2463	6	97	0	0.1307
2464	5	100	0	0.1163
2465	5	100	0	0.0154
2466	6	98	0	0.1416
2467	5	100	0	0.1346
2468	5	100	0	0.0209
2469	6	94	0	0.1610
2470	5	100	0	0.0088
2471	5	99	0	0.1632
2472	5	100	0	0.1277
2473	5	100	0	0.0089
2474	5	98	0	0.1507
2475	5	100	0	0.0000
2476	6	100	0	0.1251
2477	5	100	0	0.0175
2478	5	99	0	0.0118
2479	5	100	0	0.0120
2480	5	100	0	0.1473
2481	2	0	0	0.0000
2482	6	100	0	0.0000
2483	6	100	0	0.0000
2484	6	100	0	0.0000
2485	6	100	0	0.0000
2486	6	100	0	0.0000
2487	6	100	0	0.0000
2488	6	91	0	0.0000
2489	6	100	0	0.0238
2490	6	96	0	0.0000
2491	6	100	0	0.0448
2492	5	100	0	0.1379
2493	6	100	0	0.1268
2494	6	100	0	0.1503
2495	5	100	0	0.1386
2496	6	99	0	0.1760
2497	6	99	0	0.1422
2498	5	100	0	0.1192
2499	5	100	0	0.1218
2500	5	100	0	0.1501
2501	6	96	0	0.0408
2502	6	96	0	0.1787
2503	5	100	0	0.1189
2504	5	100	0	0.0107
2505	5	100	0	0.1500
2506	5	98	0	0.1927
2507	5	100	0	0.0133
2508	5	100	0	0.1246
2509	5	100	0	0.0066
2510	5	100	0	0.0350
2511	5	100	0	0.0710
2512	5	100	0	0.1573
2513	5	100	0	0.0106
2514	5	100	0	0.0192
2515	5	100	0	0.0000
2516	5	98	0	0.1180
2517	5	100	0	0.0098
2518	5	100	0	0.1473
2519	5	100	0	0.0280
2520	5	97	0	0.0178
2521	2	0	0	0.0000
2522	6	100	0	0.0000
2523	6	100	0	0.0000
2524	6	100	0	0.0000
2525	6	100	0	0.0000
2526	6	100	0	0.0000
2527	6	100	0	0.0000
2528	6	100	0	0.0000
2529	6	100	0	0.1283
2530	5	100	0	0.0000
2531	6	100	0	0.1002
2532	6	100	0	0.1252
2533	6	100	0	0.1226
2534	6	96	0	0.1370
2535	6	92	0	0.0000
2536	5	100	0	0.1518
2537	6	100	0	0.1053
2538	5	100	0	0.1303
2539	5	99	0	0.1615
2540	6	99	0	0.1489
2541	5	99	0	0.0184
2542	6	100	0	0.1081
2543	6	98	0	0.1537
2544	5	100	0	0.1329
2545	6	98	0	0.1783
2546	5	99	0	0.1513
2547	6	97	0	0.1771
2548	5	100	0	0.1560
2549	5	100	0	0.1611
2550	5	99	0	0.0078
2551	5	100	0	0.0262
2552	5	100	0	0.1297
2553	5	100	0	0.0391
2554	5	100	0	0.0224
2555	6	98	0	0.1615
2556	5	100	0	0.0129
2557	5	100	0	0.1374
2558	6	99	0	0.1420
2559	5	99	0	0.1664
2560	5	100	0	0.0112
2561	2	0	0	0.0000
2562	2	0	0	0.0000
2563	6	100	0	0.0000
2564	6	97	0	0.0000
2565	6	100	0	0.0000
2566	6	100	0	0.0000
2567	6	100	0	0.1070
2568	6	75	0	0.0000
2569	6	100	0	0.1523
2570	6	100	0	0.1168
2571	6	100	0	0.1120
2572	6	100	0	0.1296
2573	5	100	0	0.1274
2574	6	100	0	0.1238
2575	5	100	0	0.1574
2576	6	100	0	0.0887
2577	6	97	0	0.1213
2578	6	99	0	0.1334
2579	6	100	0	0.1315
2580	5	100	0	0.0117
2581	6	100	0	0.1128
2582	6	98	0	0.1362
2583	6	100	0	0.1325
2584	5	99	0	0.0973
2585	5	100	0	0.0173
2586	5	100	0	0.1435
2587	5	100	0	0.0213
2588	5	99	0	0.0000
2589	5	100	0	0.1423
2590	5	100	0	0.0402
2591	5	99	0	0.1804
2592	5	100	0	0.0172
2593	5	100	0	0.0089
2594	5	100	0	0.0080
2595	5	100	0	0.0104
2596	5	100	0	0.1489
2597	5	100	0	0.0086
2598	5	98	0	0.0151
2599	5	100	0	0.1496
2600	5	100	0	0.1505
2601	6	100	0	0.0000
2602	6	99	0	0.0000
2603	7	94	0	0.0259
2604	6	100	0	0.0000
2605	6	100	0	0.0000
2606	6	86	0	0.0000
2607	6	100	0	0.0000
2608	6	100	0	0.1531
2609	6	100	0	0.1196
2610	6	100	0	0.0000
2611	6	100	0	0.1191
2612	6	100	0	0.1178
2613	6	99	0	0.0868
2614	6	100	0	0.0000
2615	5	100	0	0.0000
2616	6	100	0	0.0995
2617	6	100	0	0.1008
2618	6	99	0	0.1232
2619	6	99	0	0.0422
2620	6	99	0	0.1248
2621	6	100	0	0.1126
2622	5	100	0	0.0385
2623	5	100	0	0.0091
2624	5	100	0	0.0033
2625	5	100	0	0.1240
2626	6	100	0	0.1209
2627	5	100	0	0.0128
2628	5	100	0	0.0116
2629	5	100	0	0.0148
2630	5	100	0	0.0093
2631	5	100	0	0.0369
2632	6	96	0	0.1801
2633	5	100	0	0.0080
2634	5	100	0	0.0110
2635	5	100	0	0.0278
2636	6	98	0	0.1105
2637	5	98	0	0.1622
2638	5	100	0	0.0123
2639	5	100	0	0.0346
2640	5	100	0	0.0225
2641	6	100	0	0.0000
2642	6	100	0	0.0000
2643	6	100	0	0.0000
2644	6	100	0	0.0000
2645	6	97	0	0.0179
2646	6	99	0	0.0000
2647	6	89	0	0.0326
2648	6	98	0	0.0000
2649	6	100	0	0.0000
2650	6	100	0	0.0992
2651	6	100	0	0.0911
2652	6	100	0	0.1098
2653	6	96	0	0.0000
2654	5	100	0	0.0076
2655	6	88	0	0.2494
2656	6	99	0	0.1103
2657	5	100	0	0.1369
2658	6	100	0	0.1189
2659	6	100	0	0.1049
2660	6	100	0	0.1133
2661	5	100	0	0.0201
2662	5	100	0	0.0184
2663	5	100	0	0.0156
2664	6	100	0	0.1249
2665	5	100	0	0.1482
2666	5	100	0	0.1470
2667	5	99	0	0.0166
2668	5	99	0	0.1388
2669	5	100	0	0.1392
2670	6	100	0	0.1298
2671	5	100	0	0.1358
2672	6	96	0	0.1895
2673	5	100	0	0.1459
2674	5	100	0	0.1366
2675	5	99	0	0.1387
2676	5	99	0	0.1427
2677	5	100	0	0.0134
2678	5	100	0	0.1464
2679	5	100	0	0.0209
2680	5	100	0	0.1374
2681	7	100	0	0.0000
2682	6	99	0	0.0000
2683	6	100	0	0.0000
2684	6	99	0	0.0000
2685	6	100	0	0.0988
2686	6	100	0	0.1005
2687	6	98	0	0.0000
2688	6	97	0	0.0000
2689	7	85	0	0.1873
2690	6	100	0	0.1410
2691	6	100	0	0.1038
2692	6	100	0	0.1466
2693	6	100	0	0.0000
2694	6	100	0	0.1044
2695	6	100	0	0.0866
2696	5	100	0	0.1537
2697	6	100	0	0.1077
2698	6	100	0	0.1302
2699	5	100	0	0.0102
2700	5	95	0	0.0000
2701	6	100	0	0.0978
2702	5	100	0	0.0000
2703	5	100	0	0.0069
2704	5	100	0	0.1524
2705	6	100	0	0.0527
2706	5	100	0	0.1475
2707	5	100	0	0.1357
2708	5	100	0	0.0179
2709	5	100	0	0.1412
2710	5	100	0	0.0120
2711	5	100	0	0.0154
2712	6	100	0	0.1364
2713	6	100	0	0.1177
2714	5	99	0	0.1405
2715	5	100	0	0.1207
2716	5	100	0	0.0267
2717	5	100	0	0.0133
2718	5	100	0	0.0206
2719	5	100	0	0.0112
2720	5	100	0	0.0083
2721	2	0	0	0.0000
2722	6	100	0	0.0000
2723	6	100	0	0.0000
2724	6	98	0	0.0000
2725	6	100	0	0.0000
2726	6	100	0	0.0000
2727	6	100	0	0.0000
2728	6	100	0	0.0000
2729	6	100	0	0.1323
2730	6	100	0	0.0000
2731	6	100	0	0.0868
2732	6	100	0	0.1178
2733	6	100	0	0.1180
2734	6	100	0	0.0893
2735	6	100	0	0.1572
2736	6	100	0	0.1159
2737	5	100	0	0.1244
2738	6	97	0	0.1131
2739	5	98	0	0.1135
2740	6	100	0	0.1317
2741	5	100	0	0.1301
2742	6	100	0	0.1260
2743	6	100	0	0.0854
2744	5	100	0	0.1118
2745	5	100	0	0.0132
2746	5	100	0	0.0100
2747	5	100	0	0.1534
2748	6	100	0	0.1157
2749	5	100	0	0.0212
2750	5	100	0	0.0124
2751	5	98	0	0.0118
2752	5	99	0	0.1475
2753	5	100	0	0.0101
2754	5	100	0	0.0093
2755	6	99	0	0.1594
2756	5	100	0	0.1586
2757	5	100	0	0.1404
2758	5	100	0	0.0139
2759	5	99	0	0.1403
2760	5	100	0	0.0198
2761	7	100	0	0.0000
2762	2	0	0	0.0000
2763	6	100	0	0.0000
2764	6	100	0	0.0000
2765	6	100	0	0.0000
2766	6	87	0	0.0000
2767	6	100	0	0.0907
2768	5	100	0	0.1547
2769	6	100	0	0.0000
2770	6	98	0	0.1239
2771	6	100	0	0.1401
2772	6	100	0	0.0000
2773	6	100	0	0.1151
2774	5	100	0	0.1516
2775	6	100	0	0.0468
2776	6	100	0	0.1348
2777	6	100	0	0.1341
2778	6	100	0	0.1049
2779	5	100	0	0.1352
2780	6	100	0	0.0340
2781	6	100	0	0.0879
2782	5	100	0	0.1292
2783	6	100	0	0.1072
2784	5	100	0	0.1567
2785	5	98	0	0.1489
2786	5	100	0	0.1280
2787	5	100	0	0.0103
2788	5	100	0	0.1331
2789	5	100	0	0.0109
2790	5	97	0	0.1750
2791	5	100	0	0.1346
2792	5	100	0	0.0085
2793	5	100	0	0.1403
2794	5	97	0	0.0207
2795	5	99	0	0.0097
2796	5	100	0	0.0503
2797	5	100	0	0.1256
2798	6	100	0	0.1356
2799	6	100	0	0.0960
2800	5	100	0	0.0201
2801	2	0	0	0.0000
2802	6	100	0	0.0000
2803	7	97	0	0.0756
2804	2	0	0	0.0000
2805	6	97	0	0.0000
2806	6	100	0	0.1281
2807	6	100	0	0.0000
2808	6	100	0	0.0971
2809	6	100	0	0.0000
2810	5	100	0	0.1411
2811	6	100	0	0.1244
2812	6	100	0	0.0000
2813	6	99	0	0.1393
2814	6	100	0	0.1125
2815	6	100	0	0.0000
2816	6	100	0	0.1144
2817	5	100	0	0.1418
2818	6	99	0	0.1398
2819	6	100	0	0.0851
2820	6	99	0	0.1161
2821	6	100	0	0.0903
2822	6	100	0	0.1104
2823	6	94	0	0.1533
2824	5	100	0	0.0219
2825	5	100	0	0.1170
2826	6	78	0	0.2603
2827	5	100	0	0.0080
2828	5	100	0	0.0058
2829	5	100	0	0.1347
2830	5	100	0	0.1346
2831	5	100	0	0.1270
2832	5	97	0	0.1651
2833	6	100	0	0.1197
2834	5	100	0	0.1581
2835	5	100	0	0.0233
2836	5	100	0	0.1635
2837	5	100	0	0.0156
2838	5	100	0	0.1409
2839	5	100	0	0.0139
2840	5	100	0	0.0202
2841	7	100	0	0.0000
2842	2	0	0	0.0000
2843	6	100	0	0.0000
2844	2	0	0	0.0000
2845	6	100	0	0.0000
2846	6	100	0	0.0000
2847	6	100	0	0.0000
2848	6	100	0	0.1184
2849	6	100	0	0.1109
2850	6	100	0	0.0949
2851	6	99	0	0.0000
2852	6	100	0	0.1163
2853	6	98	0	0.0000
2854	5	100	0	0.1387
2855	6	100	0	0.0979
2856	6	100	0	0.1232
2857	5	100	0	0.0124
2858	6	100	0	0.1143
2859	6	98	0	0.1271
2860	5	100	0	0.1147
2861	5	100	0	0.1591
2862	6	100	0	0.0979
2863	6	96	0	0.1495
2864	5	100	0	0.1541
2865	5	100	0	0.0110
2866	5	100	0	0.0067
2867	5	100	0	0.1494
2868	6	98	0	0.1513
2869	5	100	0	0.1077
2870	5	100	0	0.0116
2871	5	100	0	0.0078
2872	6	100	0	0.0877
2873	5	100	0	0.1411
2874	6	100	0	0.1015
2875	5	100	0	0.0055
2876	5	100	0	0.1462
2877	5	99	0	0.1445
2878	5	100	0	0.0333
2879	5	100	0	0.0172
2880	5	100	0	0.0254
2881	2	0	0	0.0000
2882	6	99	0	0.0000
2883	6	98	0	0.0000
2884	6	100	0	0.0000
2885	6	100	0	0.0000
2886	6	100	0	0.0000
2887	6	87	0	0.0000
2888	6	100	0	0.1130
2889	6	100	0	0.0000
2890	6	100	0	0.1133
2891	6	100	0	0.1301
2892	5	100	0	0.1011
2893	5	100	0	0.1517
2894	6	100	0	0.1320
2895	6	99	0	0.1283
2896	5	100	0	0.1416
2897	6	100	0	0.0818
2898	5	100	0	0.1577
2899	5	100	0	0.1557
2900	6	100	0	0.0988
2901	6	100	0	0.1279
2902	6	99	0	0.1124
2903	6	96	0	0.1843
2904	6	92	0	0.1719
2905	6	100	0	0.1102
2906	6	100	0	0.1125
2907	5	100	0	0.1697
2908	6	100	0	0.0920
2909	5	100	0	0.1558
2910	5	100	0	0.0130
2911	5	100	0	0.1554
2912	6	98	0	0.1055
2913	5	99	0	0.1614
2914	6	100	0	0.1139
2915	6	100	0	0.1018
2916	5	100	0	0.1173
2917	5	100	0	0.0512
2918	6	100	0	0.1091
2919	5	100	0	0.0196
2920	5	100	0	0.0000
2921	2	0	0	0.0000
2922	6	100	0	0.0000
2923	6	98	0	0.0000
2924	6	100	0	0.0000
2925	6	100	0	0.0000
2926	6	100	0	0.0000
2927	6	100	0	0.1251
2928	6	100	0	0.1121
2929	6	100	0	0.1197
2930	6	100	0	0.0840
2931	6	100	0	0.1190
2932	6	100	0	0.1023
2933	6	100	0	0.0844
2934	6	100	0	0.0992
2935	5	100	0	0.1397
2936	6	100	0	0.1090
2937	6	100	0	0.0943
2938	6	100	0	0.1005
2939	6	100	0	0.0595
2940	5	100	0	0.1411
2941	5	100	0	0.1558
2942	5	100	0	0.0137
2943	6	99	0	0.0823
2944	5	100	0	0.1436
2945	5	100	0	0.0106
2946	5	100	0	0.0105
2947	6	100	0	0.1248
2948	5	100	0	0.1281
2949	6	99	0	0.1641
2950	6	100	0	0.0891
2951	5	100	0	0.1521
2952	5	100	0	0.0155
2953	5	100	0	0.0302
2954	5	100	0	0.1196
2955	6	97	0	0.1489
2956	5	100	0	0.0159
2957	5	100	0	0.0210
2958	6	99	0	0.1177
2959	5	100	0	0.0115
2960	5	100	0	0.1546
2961	7	100	0	0.0000
2962	6	100	0	0.0000
2963	6	100	0	0.0000
2964	2	0	0	0.0000
2965	6	100	0	0.0000
2966	7	93	0	0.1573
2967	6	100	0	0.0000
2968	6	98	0	0.0000
2969	6	99	0	0.0000
2970	6	100	0	0.0000
2971	6	100	0	0.0000
2972	6	100	0	0.1095
2973	6	97	0	0.1121
2974	6	99	0	0.1112
2975	6	100	0	0.1070
2976	6	100	0	0.0202
2977	6	100	0	0.1023
2978	5	100	0	0.1393
2979	6	100	0	0.1137
2980	6	100	0	0.1096
2981	6	99	0	0.1414
2982	6	99	0	0.0639
2983	6	100	0	0.1221
2984	6	100	0	0.1197
2985	5	100	0	0.0130
2986	6	100	0	0.1255
2987	5	100	0	0.1433
2988	5	99	0	0.1567
2989	5	100	0	0.0078
2990	5	100	0	0.0126
2991	6	100	0	0.0965
2992	5	100	0	0.0148
2993	5	99	0	0.1391
2994	5	100	0	0.0070
2995	6	97	0	0.1507
2996	6	100	0	0.1186
2997	5	100	0	0.0089
2998	5	100	0	0.1265
2999	5	100	0	0.0153
3000	5	100	0	0.0099
3001	6	100	0	0.0000
3002	6	100	0	0.0000
3003	6	99	0	0.0000
3004	2	0	0	0.0000
3005	6	100	0	0.0000
3006	6	100	0	0.0000
3007	6	100	0	0.0000
3008	6	100	0	0.1183
3009	6	100	0	0.1344
3010	6	100	0	0.0000
3011	6	100	0	0.1207
3012	5	100	0	0.1705
3013	6	100	0	0.1131
3014	5	100	0	0.1344
3015	6	100	0	0.1237
3016	6	98	0	0.1282
3017	6	100	0	0.0987
3018	6	100	0	0.1149
3019	5	100	0	0.1246
3020	6	100	0	0.1146
3021	5	100	0	0.0134
3022	5	100	0	0.1433
3023	6	100	0	0.1159
3024	6	100	0	0.1010
3025	5	100	0	0.0114
3026	5	100	0	0.0191
3027	5	100	0	0.1638
3028	5	100	0	0.0094
3029	6	99	0	0.1752
3030	6	100	0	0.1262
3031	5	100	0	0.0116
3032	6	100	0	0.0910
3033	5	100	0	0.0135
3034	6	100	0	0.1185
3035	6	93	0	0.2315
3036	5	100	0	0.1604
3037	5	100	0	0.0079
3038	5	99	0	0.1378
3039	5	99	0	0.1339
3040	5	100	0	0.1651
3041	6	100	0	0.0000
3042	6	100	0	0.0000
3043	6	100	0	0.0000
3044	6	99	0	0.0000
3045	6	100	0	0.1097
3046	5	100	0	0.0154
3047	6	100	0	0.0000
3048	6	100	0	0.1170
3049	6	100	0	0.1528
3050	6	100	0	0.1426
3051	6	98	0	0.0000
3052	5	100	0	0.1295
3053	6	100	0	0.1167
3054	6	100	0	0.1184
3055	5	100	0	0.0049
3056	6	100	0	0.1243
3057	6	100	0	0.1173
3058	5	100	0	0.0171
3059	5	100	0	0.0000
3060	6	99	0	0.1643
3061	5	99	0	0.1270
3062	5	100	0	0.1250
3063	6	100	0	0.1146
3064	5	100	0	0.0072
3065	6	100	0	0.0757
3066	6	100	0	0.1372
3067	5	100	0	0.1287
3068	5	100	0	0.0090
3069	5	100	0	0.1158
3070	5	100	0	0.1502
3071	5	100	0	0.1308
3072	5	100	0	0.1217
3073	5	100	0	0.1141
3074	5	100	0	0.1357
3075	5	100	0	0.1232
3076	6	99	0	0.1638
3077	6	100	0	0.1255
3078	5	100	0	0.0100
3079	5	100	0	0.1229
3080	5	100	0	0.1326
3081	2	0	0	0.0000
3082	6	100	0	0.0000
3083	6	98	0	0.0000
3084	7	100	0	0.0936
3085	6	100	0	0.0000
3086	6	100	0	0.0000
3087	6	100	0	0.1231
3088	6	100	0	0.1487
3089	6	100	0	0.0000
3090	6	100	0	0.1028
3091	5	100	0	0.1331
3092	6	100	0	0.1325
3093	6	98	0	0.1278
3094	6	100	0	0.1302
3095	6	97	0	0.1447
3096	6	100	0	0.1194
3097	6	100	0	0.0145
3098	6	99	0	0.1309
3099	5	100	0	0.1447
3100	5	100	0	0.1113
3101	6	100	0	0.1123
3102	5	100	0	0.1401
3103	5	100	0	0.1382
3104	6	98	0	0.1203
3105	6	100	0	0.1216
3106	5	100	0	0.0108
3107	5	100	0	0.0188
3108	6	100	0	0.1170
3109	5	100	0	0.1504
3110	6	100	0	0.1104
3111	6	100	0	0.1190
3112	6	93	0	0.2360
3113	5	100	0	0.1542
3114	6	100	0	0.1139
3115	6	100	0	0.0899
3116	6	100	0	0.1073
3117	5	100	0	0.0074
3118	5	100	0	0.1372
3119	5	100	0	0.1550
3120	5	100	0	0.0120
3121	2	0	0	0.0000
3122	6	100	0	0.0000
3123	2	0	0	0.0000
3124	6	100	0	0.0000
3125	6	100	0	0.0000
3126	6	96	0	0.0000
3127	6	100	0	0.0000
3128	6	100	0	0.1175
3129	6	100	0	0.0000
3130	6	100	0	0.1187
3131	6	100	0	0.1099
3132	6	100	0	0.0000
3133	6	100	0	0.1201
3134	6	100	0	0.1107
3135	6	100	0	0.1374
3136	6	100	0	0.1165
3137	5	100	0	0.1458
3138	6	100	0	0.1133
3139	6	100	0	0.1128
3140	6	99	0	0.1535
3141	6	100	0	0.1394
3142	6	100	0	0.0622
3143	5	100	0	0.1342
3144	5	100	0	0.1323
3145	6	100	0	0.0995
3146	5	100	0	0.1487
3147	5	100	0	0.1352
3148	6	100	0	0.1352
3149	5	100	0	0.0158
3150	5	100	0	0.0094
3151	6	98	0	0.0330
3152	5	100	0	0.1471
3153	5	100	0	0.0120
3154	5	100	0	0.0194
3155	5	100	0	0.0107
3156	6	93	0	0.1631
3157	5	100	0	0.1376
3158	6	100	0	0.1546
3159	5	100	0	0.1336
3160	5	100	0	0.0105
3161	6	100	0	0.0000
3162	2	0	0	0.0000
3163	6	100	0	0.0000
3164	2	0	0	0.0000
3165	7	94	0	0.1366
3166	6	100	0	0.0000
3167	6	100	0	0.0986
3168	6	100	0	0.0822
3169	6	100	0	0.0914
3170	6	100	0	0.1090
3171	6	100	0	0.0000
3172	6	100	0	0.1372
3173	6	100	0	0.0809
3174	6	100	0	0.0960
3175	6	100	0	0.1018
3176	5	100	0	0.1333
3177	6	100	0	0.0879
3178	6	100	0	0.1177
3179	6	100	0	0.1245
3180	6	100	0	0.0000
3181	6	100	0	0.1243
3182	5	100	0	0.1465
3183	5	100	0	0.1069
3184	6	100	0	0.1119
3185	5	100	0	0.1435
3186	5	100	0	0.0138
3187	5	100	0	0.1070
3188	6	100	0	0.1010
3189	6	99	0	0.0887
3190	5	100	0	0.1381
3191	6	99	0	0.1532
3192	5	100	0	0.1321
3193	5	100	0	0.0105
3194	5	100	0	0.0124
3195	5	100	0	0.0104
3196	5	100	0	0.0261
3197	5	100	0	0.0198
3198	5	100	0	0.1472
3199	5	100	0	0.0106
3200	5	100	0	0.1458
3201	6	100	0	0.0000
3202	6	100	0	0.0000
3203	6	99	0	0.0000
3204	6	100	0	0.0000
3205	6	100	0	0.0000
3206	6	100	0	0.0000
3207	6	100	0	0.0000
3208	6	100	0	0.1086
3209	6	100	0	0.1167
3210	6	100	0	0.1294
3211	6	100	0	0.1577
3212	6	100	0	0.1244
3213	6	100	0	0.1087
3214	5	100	0	0.1479
3215	6	99	0	0.0213
3216	6	100	0	0.0783
3217	5	100	0	0.1076
3218	6	100	0	0.0838
3219	6	100	0	0.1181
3220	5	100	0	0.0074
3221	6	100	0	0.0380
3222	5	100	0	0.0073
3223	6	100	0	0.1100
3224	6	100	0	0.1356
3225	5	100	0	0.1178
3226	6	100	0	0.0842
3227	5	100	0	0.1513
3228	6	100	0	0.0967
3229	6	100	0	0.1235
3230	6	100	0	0.0892
3231	6	99	0	0.0999
3232	5	100	0	0.0206
3233	6	100	0	0.1079
3234	5	100	0	0.0099
3235	5	100	0	0.0159
3236	5	100	0	0.1451
3237	5	100	0	0.1459
3238	6	100	0	0.0927
3239	5	100	0	0.1214
3240	6	100	0	0.0837
3241	6	100	0	0.0000
3242	6	100	0	0.0000
3243	6	100	0	0.0000
3244	6	100	0	0.0000
3245	6	100	0	0.0000
3246	6	100	0	0.0000
3247	6	100	0	0.0287
3248	6	100	0	0.0000
3249	6	100	0	0.0916
3250	6	100	0	0.1174
3251	6	100	0	0.0000
3252	6	100	0	0.0000
3253	6	100	0	0.1253
3254	5	100	0	0.1641
3255	5	100	0	0.1341
3256	6	100	0	0.0758
3257	5	100	0	0.1371
3258	5	100	0	0.1273
3259	6	100	0	0.1498
3260	6	100	0	0.1158
3261	6	97	0	0.1557
3262	6	100	0	0.1161
3263	5	100	0	0.0145
3264	6	100	0	0.1176
3265	5	100	0	0.0130
3266	5	100	0	0.0057
3267	6	100	0	0.0958
3268	6	100	0	0.1152
3269	6	100	0	0.1203
3270	5	100	0	0.1259
3271	5	100	0	0.0096
3272	5	100	0	0.0095
3273	6	100	0	0.1064
3274	5	100	0	0.0120
3275	6	100	0	0.1087
3276	5	100	0	0.1356
3277	5	100	0	0.0168
3278	5	100	0	0.1353
3279	5	100	0	0.0092
3280	5	100	0	0.0314
3281	6	100	0	0.0000
3282	6	100	0	0.0000
3283	6	100	0	0.0000
3284	6	100	0	0.0000
3285	6	100	0	0.1126
3286	6	100	0	0.0000
3287	6	100	0	0.0000
3288	6	100	0	0.1231
3289	6	100	0	0.0855
3290	6	100	0	0.1175
3291	6	100	0	0.1179
3292	6	100	0	0.1230
3293	6	100	0	0.1250
3294	6	100	0	0.1283
3295	5	100	0	0.0099
3296	6	100	0	0.0000
3297	6	100	0	0.1113
3298	6	100	0	0.0000
3299	6	99	0	0.1157
3300	5	100	0	0.0083
3301	6	88	0	0.2081
3302	6	100	0	0.1249
3303	5	100	0	0.1495
3304	5	100	0	0.0140
3305	5	100	0	0.1378
3306	6	100	0	0.1181
3307	5	100	0	0.1370
3308	6	100	0	0.1235
3309	6	100	0	0.1078
3310	5	100	0	0.1370
3311	6	100	0	0.1517
3312	6	100	0	0.1477
3313	5	100	0	0.1501
3314	5	100	0	0.1351
3315	6	100	0	0.0067
3316	5	100	0	0.1459
3317	5	100	0	0.1368
3318	5	100	0	0.0226
3319	5	100	0	0.1333
3320	5	100	0	0.1070
3321	2	0	0	0.0000
3322	6	100	0	0.0000
3323	6	100	0	0.0000
3324	6	100	0	0.0057
3325	6	100	0	0.0000
3326	6	100	0	0.0000
3327	6	100	0	0.0000
3328	6	100	0	0.1215
3329	6	100	0	0.1170
3330	6	100	0	0.0917
3331	6	100	0	0.0000
3332	6	100	0	0.1467
3333	6	100	0	0.1289
3334	5	100	0	0.1381
3335	6	99	0	0.0000
3336	5	100	0	0.0136
3337	5	100	0	0.1289
3338	5	100	0	0.0034
3339	5	100	0	0.0088
3340	6	100	0	0.1197
3341	6	100	0	0.1100
3342	6	100	0	0.1144
3343	6	99	0	0.1324
3344	6	96	0	0.0904
3345	5	100	0	0.0957
3346	5	100	0	0.0134
3347	6	100	0	0.1437
3348	6	100	0	0.1456
3349	6	100	0	0.0918
3350	5	100	0	0.1057
3351	6	100	0	0.1001
3352	5	100	0	0.1045
3353	5	100	0	0.0115
3354	5	100	0	0.1300
3355	6	100	0	0.1137
3356	5	99	0	0.1493
3357	6	100	0	0.1387
3358	6	99	0	0.1495
3359	5	100	0	0.0157
3360	5	99	0	0.0116
3361	6	100	0	0.0000
3362	2	0	0	0.0000
3363	6	100	0	0.0000
3364	6	100	0	0.0000
3365	6	100	0	0.0000
3366	6	100	0	0.1068
3367	6	100	0	0.0000
3368	6	100	0	0.0000
3369	6	100	0	0.0000
3370	6	100	0	0.0000
3371	6	100	0	0.0000
3372	6	100	0	0.0985
3373	6	100	0	0.1134
3374	6	100	0	0.1540
3375	5	100	0	0.0981
3376	6	100	0	0.1123
3377	6	100	0	0.1206
3378	6	100	0	0.0000
3379	5	100	0	0.1473
3380	6	100	0	0.0870
3381	6	100	0	0.1277
3382	5	100	0	0.0203
3383	5	100	0	0.0134
3384	6	100	0	0.0869
3385	6	100	0	0.1153
3386	5	100	0	0.0122
3387	5	100	0	0.1564
3388	5	100	0	0.1114
3389	6	100	0	0.1097
3390	5	100	0	0.0257
3391	5	100	0	0.1700
3392	5	100	0	0.1403
3393	5	100	0	0.1185
3394	6	100	0	0.1125
3395	5	100	0	0.1271
3396	5	100	0	0.0120
3397	5	100	0	0.0235
3398	6	99	0	0.0975
3399	5	100	0	0.1488
3400	6	100	0	0.1193
3401	2	0	0	0.0000
3402	6	100	0	0.0000
3403	6	100	0	0.0000
3404	6	100	0	0.0000
3405	6	100	0	0.0000
3406	6	100	0	0.0000
3407	5	100	0	0.0096
3408	6	100	0	0.0925
3409	6	87	0	0.0000
3410	6	100	0	0.0000
3411	6	100	0	0.1217
3412	6	100	0	0.0000
3413	6	100	0	0.1421
3414	6	100	0	0.1205
3415	6	100	0	0.1131
3416	6	100	0	0.1131
3417	5	100	0	0.1508
3418	5	100	0	0.0235
3419	6	100	0	0.1081
3420	6	100	0	0.1118
3421	5	100	0	0.1311
3422	6	100	0	0.1075
3423	5	100	0	0.0083
3424	6	99	0	0.1193
3425	5	100	0	0.1540
3426	6	100	0	0.1046
3427	6	100	0	0.1148
3428	6	99	0	0.1237
3429	6	100	0	0.1222
3430	6	100	0	0.1127
3431	5	100	0	0.1448
3432	6	100	0	0.0085
3433	5	100	0	0.0103
3434	5	100	0	0.0113
3435	5	100	0	0.0153
3436	5	100	0	0.0285
3437	6	100	0	0.1215
3438	6	100	0	0.1113
3439	5	100	0	0.0132
3440	5	100	0	0.1571
3441	2	0	0	0.0000
3442	6	100	0	0.0000
3443	2	0	0	0.0000
3444	6	100	0	0.0000
3445	6	100	0	0.0000
3446	6	100	0	0.0000
3447	6	100	0	0.1118
3448	6	100	0	0.0000
3449	6	100	0	0.0000
3450	6	100	0	0.0000
3451	6	100	0	0.1174
3452	5	100	0	0.0128
3453	6	99	0	0.1239
3454	6	100	0	0.0782
3455	5	100	0	0.1438
3456	5	100	0	0.0108
3457	6	100	0	0.1131
3458	6	100	0	0.1333
3459	6	100	0	0.1232
3460	6	100	0	0.1308
3461	6	100	0	0.0000
3462	6	100	0	0.0818
3463	6	100	0	0.1149
3464	6	100	0	0.1225
3465	6	100	0	0.0884
3466	5	100	0	0.0101
3467	6	92	0	0.2167
3468	6	93	0	0.1518
3469	6	100	0	0.0906
3470	6	97	0	0.0147
3471	5	100	0	0.1089
3472	5	100	0	0.0093
3473	6	100	0	0.1142
3474	5	100	0	0.0121
3475	5	100	0	0.0108
3476	6	100	0	0.0893
3477	5	100	0	0.1540
3478	5	100	0	0.1420
3479	5	100	0	0.1456
3480	6	100	0	0.1187
3481	2	0	0	0.0000
3482	6	100	0	0.0000
3483	6	100	0	0.0000
3484	6	100	0	0.1258
3485	6	97	0	0.0000
3486	6	100	0	0.0000
3487	6	100	0	0.0935
3488	6	100	0	0.0000
3489	6	100	0	0.1229
3490	6	100	0	0.0000
3491	6	100	0	0.1038
3492	6	100	0	0.1178
3493	6	100	0	0.1185
3494	6	100	0	0.1171
3495	6	100	0	0.1152
3496	5	100	0	0.1554
3497	6	100	0	0.1156
3498	6	100	0	0.1120
3499	6	99	0	0.1305
3500	6	100	0	0.0751
3501	6	100	0	0.1533
3502	6	100	0	0.1198
3503	6	100	0	0.0624
3504	6	100	0	0.1161
3505	6	100	0	0.1142
3506	6	100	0	0.0000
3507	6	100	0	0.1275
3508	5	100	0	0.1061
3509	5	100	0	0.1359
3510	5	100	0	0.0145
3511	5	100	0	0.0105
3512	5	100	0	0.1290
3513	6	100	0	0.1315
3514	5	100	0	0.1411
3515	5	100	0	0.0178
3516	5	100	0	0.1474
3517	6	100	0	0.1050
3518	6	100	0	0.1236
3519	6	100	0	0.1158
3520	6	100	0	0.1321
3521	6	100	0	0.0000
3522	7	100	0	0.0238
3523	6	100	0	0.0000
3524	6	100	0	0.0000
3525	6	100	0	0.0000
3526	6	100	0	0.0000
3527	6	100	0	0.0000
3528	6	100	0	0.0000
3529	6	100	0	0.0000
3530	6	100	0	0.0000
3531	6	100	0	0.0000
3532	6	100	0	0.1025
3533	6	100	0	0.1178
3534	5	100	0	0.0132
3535	6	100	0	0.0000
3536	6	100	0	0.0000
3537	6	100	0	0.1155
3538	6	100	0	0.1065
3539	6	100	0	0.1200
3540	6	100	0	0.1260
3541	6	100	0	0.1184
3542	6	99	0	0.0349
3543	6	100	0	0.0918
3544	6	97	0	0.1586
3545	5	100	0	0.1305
3546	6	100	0	0.1266
3547	6	100	0	0.1123
3548	6	99	0	0.1192
3549	6	100	0	0.1098
3550	5	100	0	0.1310
3551	6	100	0	0.1146
3552	6	100	0	0.1063
3553	5	100	0	0.1270
3554	6	100	0	0.0893
3555	5	100	0	0.1421
3556	6	99	0	0.0128
3557	5	100	0	0.0205
3558	6	100	0	0.1165
3559	6	100	0	0.1099
3560	6	100	0	0.1099
3561	6	100	0	0.0000
3562	2	0	0	0.0000
3563	6	100	0	0.0000
3564	6	100	0	0.0000
3565	6	100	0	0.0000
3566	6	100	0	0.0000
3567	6	100	0	0.0000
3568	6	100	0	0.0000
3569	6	100	0	0.1419
3570	6	100	0	0.1163
3571	6	100	0	0.0000
3572	6	100	0	0.1260
3573	6	100	0	0.0000
3574	6	100	0	0.1123
3575	5	100	0	0.1501
3576	6	100	0	0.1394
3577	6	100	0	0.0868
3578	5	100	0	0.0264
3579	6	100	0	0.0953
3580	6	100	0	0.1038
3581	6	100	0	0.1173
3582	5	100	0	0.0102
3583	5	100	0	0.1469
3584	6	100	0	0.0863
3585	5	100	0	0.0104
3586	6	100	0	0.0375
3587	6	99	0	0.0165
3588	5	100	0	0.1476
3589	6	100	0	0.1224
3590	6	100	0	0.0945
3591	6	99	0	0.0820
3592	5	100	0	0.0103
3593	6	100	0	0.1209
3594	5	100	0	0.1255
3595	5	100	0	0.0119
3596	6	100	0	0.0734
3597	5	100	0	0.0130
3598	5	100	0	0.0173
3599	6	100	0	0.0392
3600	6	100	0	0.0837
 				
