sim	per	nosc	ntonic	NED
1	5	30	0	0.0274
2	5	6	0	0.4228
3	5	30	0	0.0000
4	5	20	0	0.1384
5	6	12	1	0.5503
6	6	12	0	0.4962
7	5	10	2	0.4750
8	6	8	0	0.2537
9	5	25	0	0.1119
10	5	16	1	0.0245
11	5	17	1	0.1920
12	6	9	0	0.1632
13	5	8	1	0.2856
14	5	11	1	0.3577
15	6	6	1	0.3008
16	5	16	2	0.0678
17	5	5	0	0.0000
18	5	24	0	0.0557
19	5	20	0	0.0000
20	4	9	1	0.4426
21	10	6	0	0.5588
22	5	14	0	0.0000
23	5	8	1	0.4733
24	5	15	0	0.0251
25	6	29	0	0.1975
26	5	0	1	0.5604
27	5	11	1	0.4236
28	5	4	1	0.4431
29	6	20	0	0.2534
30	5	9	1	0.4403
31	5	15	0	0.0000
32	5	20	1	0.3533
33	50	1	1	NaN
34	5	17	0	0.0000
35	5	16	0	0.2924
36	6	15	1	0.4555
37	5	24	0	0.0000
38	5	10	0	0.0585
39	5	10	1	0.3515
40	5	12	1	0.4361
41	5	5	2	0.3333
42	5	11	1	0.5005
43	5	18	0	0.1574
44	5	15	2	0.4969
45	6	6	1	0.3556
46	5	15	2	0.1217
47	5	9	2	0.4835
48	5	26	0	0.0850
49	5	12	0	0.0578
50	5	7	1	0.5925
51	6	9	0	0.4080
52	5	11	0	0.3344
53	5	14	0	0.0555
54	5	27	0	0.0266
55	5	4	1	0.1340
56	6	14	1	0.4670
57	5	16	0	0.0450
58	5	11	0	0.0407
59	5	21	0	0.0364
60	5	18	0	0.0000
61	5	8	0	0.1318
62	6	17	0	0.2899
63	5	21	0	0.0305
64	5	14	1	0.4655
65	5	13	1	0.3020
66	5	20	1	0.2958
67	5	12	0	0.3345
68	5	8	1	0.4689
69	5	14	1	0.3441
70	5	10	0	0.2248
71	5	12	0	0.0789
72	5	13	1	0.4672
73	5	13	0	0.1322
74	4	5	2	0.4633
75	5	10	0	0.3472
76	4	1	1	0.0714
77	6	20	0	0.2828
78	5	11	1	0.2001
79	5	8	1	0.5273
80	5	5	0	0.0818
81	5	9	2	0.4049
82	5	12	0	0.0000
83	6	2	2	0.4257
84	5	20	1	0.0654
85	5	29	0	0.0201
86	5	16	0	0.0397
87	6	9	1	0.6408
88	5	8	0	0.3788
89	50	4	1	0.5022
90	5	17	0	0.3043
91	5	15	1	0.3544
92	5	11	1	0.2196
93	5	12	1	0.3809
94	5	11	0	0.2651
95	5	7	1	0.4053
96	5	16	1	0.2576
97	5	21	0	0.2240
98	5	6	1	0.4282
99	5	8	0	0.0618
100	5	14	0	0.0000
101	4	1	1	0.0770
102	5	7	0	0.1647
103	4	8	0	0.4163
104	5	16	0	0.4592
105	4	5	1	0.4297
106	5	34	0	0.1515
107	6	20	1	0.2672
108	5	16	0	0.2278
109	5	35	0	0.1779
110	5	19	0	0.0000
111	5	23	0	0.0342
112	4	9	1	0.3840
113	5	13	0	0.2645
114	5	10	0	0.4097
115	5	13	0	0.2349
116	5	12	0	0.2236
117	5	19	0	0.0000
118	5	23	0	0.0241
119	5	25	0	0.0227
120	5	9	1	0.4583
121	5	4	0	0.3309
122	5	23	0	0.0316
123	5	8	0	0.3716
124	5	3	0	0.0573
125	6	35	0	0.1429
126	5	20	0	0.0351
127	5	14	0	0.0000
128	5	14	0	0.1692
129	5	10	1	0.3436
130	5	19	0	0.0000
131	5	6	1	0.1249
132	5	23	1	0.3741
133	5	12	1	0.3619
134	5	11	0	0.2760
135	5	13	0	0.1797
136	5	27	0	0.0412
137	5	23	1	0.0502
138	5	19	0	0.0000
139	5	13	0	0.0313
140	6	5	1	0.1587
141	5	6	0	0.5777
142	50	1	0	0.3065
143	5	12	1	0.4845
144	5	13	0	0.0000
145	6	14	1	0.4597
146	5	9	0	0.0234
147	5	6	1	0.4841
148	4	4	0	0.0151
149	5	20	0	0.0000
150	5	18	0	0.2835
151	5	5	1	0.4448
152	5	15	0	0.0167
153	5	10	1	0.3985
154	5	6	1	0.3684
155	5	11	1	0.5033
156	5	18	1	0.2671
157	50	0	0	NaN
158	5	12	0	0.0000
159	5	10	0	0.2763
160	5	16	0	0.3375
161	5	15	0	0.2449
162	5	11	1	0.5150
163	5	14	0	0.0226
164	5	10	0	0.0273
165	7	5	1	0.1824
166	5	20	0	0.0169
167	5	11	0	0.3194
168	10	11	0	0.5540
169	5	18	0	0.2960
170	2	4	1	0.2453
171	5	10	2	0.4852
172	5	5	1	0.4266
173	6	9	1	0.3145
174	5	27	0	0.1695
175	5	14	0	0.1372
176	5	1	1	0.5602
177	5	22	0	0.0000
178	4	4	1	0.3347
179	5	6	1	0.4211
180	5	20	0	0.0000
181	5	11	1	0.3147
182	6	29	0	0.1808
183	5	13	0	0.2739
184	6	8	3	0.1861
185	5	16	0	0.0154
186	5	17	1	0.4408
187	6	10	2	0.4421
188	5	13	1	0.0490
189	6	7	3	0.3269
190	5	14	0	0.0946
191	5	12	0	0.0248
192	4	2	0	0.1156
193	5	4	0	0.3119
194	5	21	1	0.0859
195	5	9	0	0.3758
196	5	14	0	0.0000
197	5	13	1	0.4484
198	6	31	0	0.2666
199	5	10	1	0.5384
200	5	16	0	0.2906
201	4	6	1	0.4704
202	5	3	0	0.1763
203	6	8	1	0.4145
204	5	2	1	0.1256
205	5	8	1	0.3681
206	5	18	0	0.0000
207	4	0	2	0.0834
208	5	16	1	0.0582
209	5	10	0	0.3141
210	5	14	0	0.0000
211	5	7	1	0.3364
212	5	8	0	0.5209
213	5	20	0	0.0110
214	7	3	2	0.1301
215	5	16	0	0.0000
216	5	18	0	0.0000
217	5	23	0	0.0000
218	5	15	0	0.0000
219	5	3	0	0.3787
220	5	20	0	0.0342
221	5	9	1	0.5041
222	6	13	0	0.3880
223	5	21	0	0.0000
224	6	30	0	0.2598
225	5	11	1	0.0822
226	5	14	0	0.0000
227	6	8	0	0.3757
228	25	10	0	0.5509
229	5	27	0	0.2156
230	5	11	0	0.0716
231	6	2	0	0.1278
232	5	18	0	0.0314
233	5	14	0	0.0000
234	5	14	1	0.2848
235	5	6	1	0.3657
236	5	31	0	0.0932
237	5	8	0	0.3343
238	5	9	0	0.1387
239	5	27	0	0.2816
240	5	20	0	0.2180
241	5	20	0	0.3213
242	5	14	0	0.0000
243	5	21	0	0.0000
244	6	11	0	0.4819
245	5	1	3	0.4005
246	50	3	1	0.3171
247	5	17	2	0.4416
248	5	10	0	0.4545
249	5	13	1	0.0283
250	5	8	0	0.0757
251	5	12	0	0.0826
252	50	1	1	0.5350
253	6	11	0	0.3091
254	5	18	0	0.0000
255	5	15	1	0.3109
256	5	11	1	0.3402
257	6	14	1	0.4198
258	5	25	0	0.0558
259	5	25	0	0.0758
260	7	6	1	0.2481
261	5	15	0	0.2229
262	5	16	0	0.0000
263	5	8	0	0.2626
264	5	19	0	0.2983
265	5	14	2	0.4283
266	5	17	0	0.1891
267	5	15	1	0.4098
268	5	12	1	0.4567
269	50	0	1	0.0657
270	5	9	0	0.2127
271	5	12	1	0.3522
272	5	16	0	0.0000
273	5	8	2	0.4259
274	5	27	0	0.3338
275	50	2	0	0.3994
276	5	11	0	0.2873
277	5	7	0	0.2528
278	50	1	0	0.5950
279	5	14	0	0.0268
280	25	0	1	NaN
281	5	12	0	0.0000
282	5	12	1	0.4063
283	5	19	0	0.2194
284	5	12	0	0.1959
285	5	7	1	0.3577
286	2	1	1	0.5526
287	4	11	1	0.3809
288	6	20	0	0.3673
289	5	19	0	0.0258
290	5	11	1	0.4574
291	2	3	1	0.3488
292	6	14	0	0.1728
293	6	21	0	0.1770
294	6	10	0	0.4773
295	25	0	1	0.6939
296	6	8	0	0.4417
297	5	9	0	0.3928
298	6	9	0	0.0346
299	5	21	0	0.3017
300	5	13	0	0.4105
301	5	7	0	0.0441
302	5	16	0	0.0000
303	5	17	0	0.0308
304	7	8	1	0.2251
305	5	17	0	0.0704
306	5	20	0	0.2296
307	5	15	1	0.2910
308	5	9	0	0.3001
309	6	2	0	0.1675
310	5	10	0	0.0207
311	5	14	1	0.4337
312	4	10	1	0.5315
313	5	24	0	0.0711
314	5	10	0	0.3747
315	5	12	1	0.2565
316	5	11	1	0.5078
317	5	17	0	0.0000
318	5	19	0	0.0219
319	5	8	0	0.0684
320	5	23	0	0.0471
321	5	7	3	0.4292
322	5	34	0	0.1730
323	5	17	1	0.0311
324	5	7	0	0.1546
325	5	15	0	0.0000
326	5	9	2	0.4835
327	5	14	0	0.3712
328	5	6	0	0.2455
329	5	7	0	0.2620
330	5	6	1	0.5619
331	5	27	0	0.2781
332	4	6	1	0.2727
333	5	8	0	0.0000
334	5	13	1	0.5749
335	6	29	0	0.1643
336	7	10	1	0.3796
337	5	12	2	0.4895
338	5	26	0	0.0000
339	5	16	1	0.4707
340	5	16	1	0.4616
341	5	17	0	0.1888
342	5	20	0	0.1674
343	5	17	1	0.3585
344	5	18	1	0.4003
345	5	20	0	0.0632
346	5	22	0	0.0000
347	5	21	0	0.0000
348	50	0	0	0.1144
349	5	20	0	0.0000
350	5	14	0	0.0430
351	6	31	0	0.1835
352	5	18	0	0.2004
353	5	13	0	0.0179
354	5	14	1	0.4923
355	5	18	0	0.0000
356	5	9	0	0.0350
357	5	10	0	0.4776
358	5	11	0	0.3417
359	5	20	1	0.3817
360	5	19	1	0.2650
361	4	11	2	0.4297
362	5	10	1	0.3738
363	5	6	2	0.4413
364	6	6	0	0.3527
365	5	7	1	0.5979
366	5	8	0	0.0191
367	5	19	0	0.2277
368	5	1	3	0.4144
369	5	11	1	0.5392
370	5	31	0	0.0183
371	6	12	1	0.5433
372	5	14	0	0.0000
373	5	7	0	0.0144
374	5	15	0	0.0000
375	5	28	0	0.1810
376	6	2	1	0.1523
377	9	13	0	0.2948
378	5	12	2	0.4555
379	2	2	6	0.0886
380	8	5	0	0.5023
381	6	19	0	0.2091
382	5	11	0	0.2096
383	5	3	1	0.3773
384	5	8	0	0.1603
385	5	24	0	0.0000
386	5	13	1	0.3877
387	5	17	0	0.0000
388	6	7	1	0.2225
389	5	8	0	0.3057
390	5	14	2	0.4296
391	5	7	0	0.6146
392	5	16	1	0.4431
393	5	10	0	0.0668
394	50	4	0	0.5850
395	5	19	0	0.0000
396	5	18	0	0.1540
397	5	27	0	0.0000
398	5	18	1	0.3505
399	5	6	0	0.0703
400	7	3	0	0.0923
401	6	18	0	0.3737
402	5	10	1	0.4267
403	5	13	0	0.0000
404	5	10	1	0.2917
405	5	9	0	0.2711
406	6	15	0	0.1825
407	6	16	0	0.1785
408	5	14	0	0.1175
409	6	12	2	0.4364
410	5	12	0	0.0200
411	6	14	0	0.5002
412	5	15	0	0.0000
413	5	11	1	0.2216
414	4	2	2	0.1606
415	5	11	0	0.0229
416	5	10	1	0.3644
417	5	11	0	0.0782
418	5	10	0	0.3038
419	5	7	0	0.2326
420	5	13	2	0.4763
421	5	19	0	0.0382
422	5	12	0	0.0225
423	5	15	0	0.2021
424	5	16	0	0.0000
425	5	11	1	0.3701
426	6	12	0	0.2819
427	5	10	0	0.1449
428	6	13	0	0.4160
429	5	18	0	0.0000
430	5	11	1	0.4998
431	5	17	0	0.0000
432	5	12	1	0.3838
433	5	28	0	0.1295
434	5	13	0	0.3717
435	5	23	0	0.2533
436	6	5	1	0.6576
437	5	22	0	0.3340
438	5	28	0	0.2317
439	5	17	0	0.0550
440	5	10	0	0.0000
441	6	3	2	0.3990
442	5	16	0	0.0552
443	5	18	0	0.0000
444	10	10	0	0.5252
445	5	2	1	0.4474
446	5	12	2	0.4382
447	6	14	0	0.2190
448	5	3	1	0.2966
449	5	15	0	0.2547
450	5	20	0	0.0000
451	5	15	0	0.2162
452	5	13	0	0.1287
453	5	15	0	0.3383
454	5	15	0	0.0000
455	5	13	0	0.0322
456	5	15	2	0.4701
457	5	18	1	0.4238
458	5	17	0	0.1873
459	5	11	0	0.3104
460	5	13	2	0.4544
461	5	15	1	0.5107
462	5	15	1	0.3772
463	5	13	0	0.0803
464	6	7	1	0.4269
465	5	12	0	0.0190
466	50	1	0	0.3940
467	5	13	0	0.0000
468	5	15	0	0.3943
469	5	7	0	0.5092
470	5	1	1	0.2097
471	5	17	0	0.0236
472	6	32	0	0.1625
473	5	20	0	0.2992
474	4	2	2	0.0892
475	5	5	0	0.0495
476	5	20	1	0.0364
477	5	22	0	0.2502
478	5	16	1	0.2781
479	5	19	1	0.3430
480	5	8	0	0.4715
481	5	17	0	0.0128
482	6	21	0	0.2641
483	5	10	0	0.1353
484	8	9	1	0.5188
485	6	24	0	0.3527
486	5	18	0	0.0942
487	6	8	0	0.3360
488	5	10	0	0.1956
489	5	16	0	0.0174
490	5	11	1	0.3569
491	5	10	0	0.0178
492	5	28	0	0.0173
493	5	13	1	0.0556
494	4	4	1	0.0317
495	5	20	0	0.2215
496	5	28	0	0.0000
497	5	25	0	0.2368
498	5	21	0	0.0480
499	5	18	0	0.0000
500	5	12	1	0.3250
501	8	5	1	0.4133
502	5	20	0	0.0000
503	6	19	0	0.2027
504	5	16	0	0.2302
505	6	11	0	0.4819
506	6	9	1	0.3609
507	5	14	1	0.3822
508	6	14	1	0.4291
509	5	8	1	0.4842
510	5	31	0	0.2508
511	5	16	1	0.4039
512	5	13	1	0.4314
513	4	1	2	0.0935
514	5	17	0	0.1619
515	4	6	1	0.2987
516	5	20	0	0.2172
517	5	14	0	0.4186
518	6	7	1	0.4115
519	5	15	0	0.0272
520	6	14	0	0.3898
521	5	15	0	0.0000
522	5	12	1	0.4021
523	5	11	1	0.3268
524	5	12	0	0.0738
525	50	1	0	0.4505
526	5	18	0	0.0821
527	5	20	0	0.3389
528	5	10	1	0.4701
529	5	12	0	0.0160
530	25	0	1	0.6939
531	5	17	0	0.3826
532	5	11	1	0.5650
533	4	9	0	0.1868
534	5	19	1	0.0519
535	5	19	0	0.0000
536	5	20	0	0.0127
537	5	0	1	0.1416
538	4	4	1	0.6394
539	5	1	1	0.1803
540	5	9	1	0.0806
541	5	22	0	0.0271
542	50	1	0	NaN
543	5	13	0	0.0416
544	5	6	0	0.3757
545	5	10	0	0.0000
546	5	12	1	0.4524
547	5	17	0	0.2154
548	5	15	2	0.3592
549	5	10	0	0.2185
550	5	23	0	0.0569
551	5	27	0	0.0123
552	5	33	0	0.2139
553	5	16	1	0.2968
554	5	16	0	0.0000
555	6	20	0	0.2212
556	6	12	1	0.2583
557	5	13	1	0.5644
558	50	1	0	0.3065
559	5	16	0	0.2950
560	5	13	1	0.3056
561	5	13	0	0.0000
562	6	8	0	0.3009
563	5	12	0	0.0738
564	5	20	0	0.0000
565	5	47	0	0.0108
566	5	3	0	0.1647
567	5	17	0	0.2281
568	5	21	0	0.2346
569	6	36	0	0.2418
570	6	5	0	0.0963
571	5	20	0	0.0000
572	5	6	1	0.4499
573	5	3	0	0.2929
574	5	17	0	0.1975
575	5	23	0	0.2018
576	6	14	1	0.4416
577	5	15	1	0.4702
578	5	13	0	0.2362
579	4	2	0	0.2373
580	6	10	0	0.3992
581	5	13	1	0.4091
582	5	10	1	0.3343
583	6	7	1	0.5241
584	5	8	1	0.4550
585	50	0	0	0.1188
586	5	20	0	0.0538
587	5	10	1	0.3550
588	5	21	1	0.4045
589	5	6	0	0.0385
590	5	7	0	0.2301
591	5	12	0	0.0789
592	6	16	1	0.3901
593	5	15	0	0.0000
594	5	10	1	0.4098
595	5	14	1	0.2905
596	5	14	1	0.2833
597	5	14	0	0.1194
598	5	24	0	0.3609
599	5	15	0	0.0000
600	5	20	0	0.0000
601	5	9	1	0.4281
602	50	4	0	0.6490
603	5	13	1	0.2625
604	5	20	0	0.0000
605	5	19	0	0.3913
606	5	8	0	0.0000
607	5	20	0	0.1208
608	5	9	1	0.4988
609	5	15	0	0.1204
610	5	14	0	0.3644
611	6	6	0	0.0963
612	5	11	0	0.0000
613	5	9	2	0.4499
614	10	4	1	0.3409
615	5	20	0	0.2336
616	5	19	2	0.4174
617	5	3	2	0.2998
618	5	22	1	0.0243
619	5	17	1	0.3535
620	5	24	0	0.3036
621	5	14	1	0.4402
622	5	19	3	0.4339
623	5	17	0	0.0379
624	5	1	1	0.4999
625	5	13	1	0.3056
626	6	25	1	0.4058
627	5	14	0	0.0712
628	6	5	0	0.4389
629	5	16	1	0.3490
630	5	16	0	0.1693
631	5	16	1	0.5698
632	5	9	0	0.2727
633	5	11	2	0.2341
634	5	15	0	0.0000
635	5	25	0	0.2307
636	5	4	1	0.2795
637	5	9	0	0.4631
638	5	9	2	0.4425
639	5	26	0	0.0000
640	5	19	0	0.3080
641	5	18	0	0.0000
642	5	14	0	0.0000
643	5	27	0	0.1016
644	5	16	0	0.0175
645	5	15	0	0.0333
646	5	17	0	0.0256
647	5	7	0	0.2594
648	5	5	1	0.4688
649	5	6	0	0.2130
650	5	19	0	0.2688
651	5	10	1	0.2822
652	4	2	0	0.0000
653	5	19	0	0.0000
654	5	10	0	0.0000
655	5	23	1	0.1680
656	5	16	0	0.0150
657	5	16	0	0.0000
658	5	14	0	0.1246
659	5	16	0	0.2897
660	5	12	1	0.3442
661	5	17	0	0.1443
662	5	19	0	0.0000
663	5	17	1	0.3942
664	5	6	1	0.3531
665	5	17	0	0.2821
666	5	1	2	0.3876
667	5	17	0	0.2523
668	5	20	0	0.0457
669	5	15	0	0.0760
670	5	14	0	0.3856
671	5	12	1	0.0645
672	5	12	1	0.3911
673	6	15	0	0.2120
674	5	14	0	0.3499
675	50	1	0	0.3065
676	5	17	1	0.3942
677	5	26	0	0.0000
678	5	16	1	0.2244
679	5	7	0	0.2048
680	5	13	0	0.0000
681	5	16	0	0.1242
682	5	12	1	0.3697
683	5	25	0	0.0935
684	5	14	0	0.3784
685	5	10	0	0.3915
686	5	13	0	0.1730
687	5	13	1	0.4283
688	5	11	1	0.5316
689	5	27	0	0.0809
690	5	12	1	0.3570
691	5	13	0	0.0000
692	6	8	0	0.4775
693	5	25	0	0.2650
694	5	7	0	0.2301
695	5	18	0	0.2737
696	5	18	0	0.2509
697	5	7	1	0.5472
698	5	10	1	0.5612
699	5	6	0	0.4845
700	5	20	1	0.3335
701	5	22	0	0.3185
702	5	17	1	0.4354
703	6	24	0	0.0272
704	5	15	1	0.3155
705	5	17	0	0.0792
706	8	10	1	0.5438
707	5	29	0	0.2295
708	5	19	0	0.0000
709	5	19	0	0.0500
710	5	25	1	0.3775
711	5	13	0	0.0877
712	5	20	0	0.0000
713	5	14	0	0.0495
714	5	14	0	0.0483
715	6	10	1	0.2379
716	5	16	0	0.0556
717	5	9	1	0.3662
718	5	23	1	0.0674
719	5	18	0	0.0000
720	5	7	0	0.2301
721	5	20	0	0.2033
722	50	0	0	0.7574
723	6	6	1	0.3103
724	5	16	0	0.2703
725	5	15	0	0.0000
726	5	16	0	0.3151
727	7	1	0	0.1723
728	7	14	1	0.4806
729	5	15	0	0.0284
730	5	19	0	0.1360
731	5	10	2	0.2871
732	5	21	0	0.0000
733	5	12	0	0.0000
734	5	20	0	0.0659
735	6	12	2	0.4269
736	5	15	0	0.0000
737	5	13	1	0.4225
738	5	11	0	0.2898
739	5	19	0	0.0000
740	5	16	0	0.0000
741	5	34	0	0.0000
742	5	17	0	0.2384
743	5	15	0	0.4237
744	5	7	0	0.1486
745	5	23	0	0.0000
746	5	8	0	0.0241
747	7	2	0	0.1646
748	6	17	0	0.3758
749	5	7	1	0.4982
750	5	21	0	0.0000
751	6	17	1	0.4495
752	5	20	0	0.1353
753	5	13	0	0.0155
754	5	8	2	0.4027
755	5	12	0	0.0000
756	5	2	0	0.1297
757	50	1	0	0.7150
758	5	10	1	0.4713
759	5	10	0	0.0000
760	5	17	0	0.0180
761	5	10	0	0.0758
762	5	13	0	0.0000
763	5	18	0	0.2707
764	50	0	0	NaN
765	5	10	0	0.0593
766	5	10	0	0.0366
767	5	4	0	0.5226
768	5	12	0	0.1985
769	7	10	0	0.4268
770	5	14	0	0.0124
771	5	19	0	0.0340
772	5	11	0	0.0643
773	5	6	0	0.1831
774	5	16	0	0.0000
775	5	9	0	0.4210
776	5	13	2	0.5561
777	5	12	0	0.3407
778	5	14	0	0.3301
779	5	25	0	0.2398
780	5	16	0	0.0291
781	5	15	0	0.0269
782	5	10	0	0.0000
783	5	15	0	0.0189
784	5	17	0	0.0165
785	5	15	1	0.4765
786	5	19	0	0.1930
787	6	13	0	0.3948
788	5	21	1	0.1609
789	5	19	0	0.0000
790	5	17	1	0.3529
791	6	11	2	0.4936
792	6	13	0	0.1505
793	4	11	1	0.3258
794	6	14	0	0.3334
795	5	39	0	0.0085
796	5	6	0	0.2437
797	5	6	0	0.0252
798	5	2	0	0.0845
799	5	13	0	0.0000
800	5	19	0	0.0500
801	5	5	0	0.0649
802	5	20	0	0.0553
803	5	9	0	0.0283
804	5	2	1	0.1112
805	5	18	0	0.0000
806	7	8	0	0.5199
807	5	13	1	0.3033
808	5	12	0	0.2156
809	5	4	0	0.2690
810	5	12	0	0.0698
811	6	2	0	0.1567
812	4	6	1	0.3206
813	50	0	0	NaN
814	5	20	1	0.3266
815	6	4	0	0.1929
816	6	14	1	0.4720
817	5	5	1	0.4782
818	5	14	1	0.4649
819	5	5	0	0.1561
820	4	12	2	0.3193
821	5	8	1	0.5452
822	5	13	0	0.0522
823	5	11	1	0.4757
824	5	14	0	0.0000
825	6	11	1	0.4665
826	50	7	0	0.4195
827	5	0	1	0.4239
828	5	12	0	0.0000
829	6	6	0	0.1220
830	5	18	0	0.1542
831	6	19	0	0.1785
832	5	8	1	0.4343
833	5	4	0	0.0732
834	5	17	0	0.2291
835	5	12	1	0.4091
836	5	16	1	0.2863
837	5	15	1	0.2258
838	5	25	0	0.0000
839	4	7	1	0.3459
840	6	5	1	0.2433
841	6	17	1	0.4561
842	50	6	0	0.5924
843	5	6	2	0.4916
844	5	28	1	0.2755
845	50	1	0	0.3837
846	5	4	0	0.3999
847	5	22	0	0.1862
848	4	5	0	0.0494
849	5	13	1	0.4588
850	5	11	1	0.4585
851	5	21	0	0.0246
852	5	26	0	0.0000
853	5	25	0	0.0932
854	5	16	0	0.0000
855	4	4	3	0.1814
856	5	15	1	0.4219
857	6	8	0	0.4525
858	6	32	0	0.2316
859	5	24	1	0.0950
860	5	5	0	0.6173
861	5	10	0	0.0000
862	5	15	0	0.3593
863	5	2	1	0.0214
864	5	13	1	0.3416
865	5	15	0	0.0000
866	5	9	1	0.0143
867	5	19	0	0.0000
868	5	6	2	0.4996
869	5	15	0	0.0000
870	5	13	0	0.0000
871	5	12	1	0.4317
872	4	4	1	0.0818
873	50	5	1	0.4214
874	6	8	0	0.3710
875	5	9	1	0.3654
876	5	17	0	0.3791
877	5	8	0	0.2513
878	5	14	1	0.4216
879	5	9	1	0.5474
880	5	17	0	0.0000
881	5	8	0	0.3001
882	6	7	0	0.5655
883	5	11	0	0.0284
884	5	13	0	0.2844
885	5	9	1	0.6169
886	5	9	1	0.6118
887	50	2	0	0.5545
888	5	18	0	0.0000
889	5	13	0	0.2658
890	4	3	1	0.3913
891	5	15	0	0.3407
892	7	9	0	0.4403
893	5	18	0	0.1167
894	5	21	1	0.4149
895	5	18	0	0.2693
896	6	11	1	0.4396
897	6	36	0	0.2232
898	5	16	0	0.1076
899	5	13	2	0.5135
900	5	8	0	0.0427
901	5	16	0	0.0287
902	5	17	0	0.2426
903	4	4	1	0.5648
904	5	2	0	0.5611
905	6	23	1	0.4039
906	5	7	2	0.4493
907	5	8	0	0.2255
908	5	21	0	0.0000
909	5	18	0	0.2891
910	5	10	1	0.4370
911	5	15	1	0.3603
912	5	24	0	0.2217
913	5	3	1	0.3487
914	5	13	0	0.2955
915	6	19	0	0.1244
916	5	24	0	0.0418
917	5	12	0	0.1823
918	5	9	0	0.0123
919	6	28	0	0.1356
920	5	18	0	0.0183
921	5	10	0	0.0864
922	5	17	0	0.0000
923	5	17	0	0.3704
924	5	8	0	0.1908
925	5	6	0	0.0756
926	5	12	1	0.4157
927	6	17	0	0.3496
928	5	4	0	0.1579
929	5	14	0	0.2275
930	4	6	2	0.3824
931	5	7	1	0.1905
932	50	1	0	NaN
933	5	0	1	0.3330
934	5	4	0	0.2420
935	5	17	1	0.0249
936	5	22	0	0.0000
937	5	11	1	0.5261
938	5	12	0	0.0000
939	5	16	2	0.4847
940	5	16	1	0.0988
941	5	36	0	0.0173
942	5	14	2	0.4841
943	6	17	1	0.4105
944	5	25	0	0.2096
945	5	9	0	0.0435
946	5	10	0	0.2143
947	6	15	0	0.3497
948	5	10	1	0.1075
949	6	20	1	0.4505
950	5	21	0	0.0000
951	5	11	1	0.5675
952	5	10	1	0.4913
953	5	8	0	0.1142
954	5	9	1	0.4709
955	5	13	0	0.3456
956	5	23	0	0.3165
957	5	12	1	0.4518
958	5	1	2	0.3876
959	5	27	0	0.0469
960	5	22	0	0.2119
961	50	4	0	0.4820
962	5	16	0	0.3041
963	5	15	0	0.0000
964	6	8	1	0.5275
965	5	24	1	0.0158
966	5	18	0	0.2729
967	5	26	0	0.0000
968	6	11	1	0.4357
969	7	7	0	0.2094
970	5	7	0	0.3862
971	5	6	0	0.1155
972	5	15	0	0.1816
973	6	6	1	0.4451
974	5	20	0	0.3087
975	50	0	0	NaN
976	5	9	0	0.1624
977	5	18	0	0.0000
978	5	3	3	0.4313
979	5	22	0	0.0000
980	5	20	0	0.2735
981	2	3	1	0.4102
982	5	5	0	0.5081
983	5	23	0	0.1399
984	5	7	0	0.1987
985	5	9	0	0.0153
986	5	14	0	0.0000
987	5	6	0	0.4789
988	5	12	0	0.1131
989	5	18	0	0.3296
990	5	19	0	0.0186
991	5	16	0	0.3227
992	5	13	0	0.1961
993	5	16	0	0.2868
994	5	9	1	0.5232
995	5	11	0	0.2996
996	5	21	0	0.0147
997	5	10	1	0.1720
998	5	15	1	0.3282
999	5	13	0	0.0243
1000	5	13	1	0.3314
1001	5	12	1	0.2661
1002	5	18	0	0.2059
1003	5	17	0	0.0166
1004	5	21	0	0.2472
1005	6	7	1	0.4658
1006	5	11	1	0.4948
1007	6	14	0	0.2368
1008	5	15	0	0.2995
1009	5	10	3	0.4453
1010	2	1	1	0.1149
1011	5	24	1	0.0316
1012	5	13	1	0.2896
1013	6	28	0	0.2896
1014	4	10	3	0.2961
1015	5	6	0	0.1966
1016	5	20	0	0.0000
1017	5	25	0	0.1189
1018	5	22	0	0.0000
1019	5	20	1	0.1357
1020	5	21	0	0.0904
1021	5	7	0	0.0317
1022	5	11	1	0.2023
1023	5	14	0	0.0303
1024	5	24	1	0.0316
1025	5	23	0	0.2258
1026	5	3	0	0.2229
1027	5	19	0	0.0000
1028	5	5	0	0.4774
1029	5	18	0	0.0950
1030	5	5	1	0.3048
1031	5	19	1	0.0762
1032	6	20	1	0.4239
1033	6	7	1	0.3849
1034	5	27	0	0.0305
1035	6	3	0	0.5242
1036	5	7	0	0.0261
1037	5	5	1	0.3556
1038	5	11	1	0.4436
1039	5	9	1	0.4283
1040	5	21	0	0.2282
1041	4	5	0	0.3766
1042	5	12	1	0.3615
1043	6	6	0	0.1030
1044	50	3	1	0.4039
1045	5	16	0	0.0412
1046	5	14	0	0.0000
1047	5	20	0	0.2206
1048	5	23	0	0.0000
1049	5	28	0	0.0000
1050	5	13	1	0.2364
1051	5	12	1	0.5213
1052	5	9	1	0.4882
1053	50	2	1	0.5677
1054	5	11	0	0.0000
1055	5	4	1	0.4968
1056	6	13	1	0.4239
1057	5	17	0	0.2028
1058	6	23	0	0.2405
1059	5	14	0	0.2029
1060	5	7	0	0.3867
1061	5	12	0	0.3503
1062	5	13	1	0.4484
1063	5	6	0	0.3779
1064	5	14	1	0.2857
1065	5	20	1	0.4069
1066	5	4	0	0.3476
1067	5	14	0	0.0000
1068	5	8	1	0.4952
1069	5	16	1	0.0245
1070	5	25	0	0.0000
1071	5	24	0	0.0000
1072	5	19	1	0.3746
1073	5	8	0	0.4429
1074	10	3	0	0.2692
1075	5	10	0	0.0395
1076	5	3	1	0.2281
1077	5	16	0	0.0246
1078	5	13	1	0.2661
1079	6	5	1	0.3423
1080	5	9	0	0.1440
1081	5	17	1	0.3820
1082	5	12	0	0.3172
1083	6	6	1	0.4459
1084	5	10	3	0.4085
1085	5	13	0	0.0000
1086	6	1	0	0.2041
1087	6	14	1	0.4861
1088	5	11	0	0.3095
1089	5	19	0	0.3343
1090	5	11	1	0.3480
1091	5	19	0	0.1698
1092	5	15	0	0.2960
1093	5	8	2	0.4807
1094	5	16	0	0.1954
1095	5	7	0	0.0505
1096	5	10	1	0.4768
1097	5	29	0	0.0885
1098	5	41	0	0.0236
1099	5	10	0	0.2589
1100	5	23	1	0.3154
1101	5	4	0	0.1411
1102	5	7	1	0.4507
1103	6	12	1	0.3442
1104	5	18	1	0.3913
1105	5	11	1	0.4945
1106	8	10	1	0.5525
1107	5	20	0	0.1665
1108	5	12	2	0.3706
1109	5	9	1	0.5518
1110	6	12	0	0.4842
1111	5	6	1	0.4896
1112	5	30	0	0.0000
1113	5	6	1	0.4321
1114	6	13	1	0.4462
1115	7	15	1	0.2653
1116	5	13	0	0.3133
1117	5	21	0	0.0233
1118	5	12	0	0.2446
1119	5	15	0	0.1460
1120	5	15	0	0.0000
1121	5	17	0	0.1993
1122	5	5	0	0.0713
1123	5	17	0	0.0000
1124	5	6	4	0.3882
1125	5	0	2	0.4278
1126	6	14	1	0.4700
1127	5	8	0	0.0356
1128	50	0	0	NaN
1129	5	10	1	0.2725
1130	5	8	1	0.2899
1131	5	18	0	0.1632
1132	5	22	0	0.2925
1133	5	13	1	0.4185
1134	5	22	0	0.2040
1135	5	12	0	0.3650
1136	5	12	1	0.4895
1137	5	14	1	0.2476
1138	5	17	0	0.3318
1139	6	9	1	0.4888
1140	5	21	0	0.0000
1141	5	19	0	0.3052
1142	5	17	0	0.0000
1143	5	11	0	0.2451
1144	5	14	0	0.0000
1145	5	18	1	0.2532
1146	5	19	0	0.0000
1147	5	30	0	0.2111
1148	6	11	0	0.1618
1149	5	11	0	0.2891
1150	6	12	1	0.4140
1151	5	6	1	0.4457
1152	5	4	0	0.1071
1153	7	11	0	0.2075
1154	5	11	2	0.4832
1155	5	4	0	0.0469
1156	5	4	0	0.1482
1157	5	8	0	0.0000
1158	5	8	0	0.0279
1159	5	14	0	0.2703
1160	5	11	0	0.0000
1161	5	17	0	0.0386
1162	5	11	1	0.3961
1163	4	6	0	0.1637
1164	5	20	1	0.2644
1165	5	11	0	0.3612
1166	5	26	0	0.0000
1167	5	20	0	0.0000
1168	5	6	0	0.2473
1169	4	3	0	0.0740
1170	5	10	1	0.0559
1171	5	15	0	0.0288
1172	4	4	0	0.0000
1173	6	17	0	0.2576
1174	5	14	1	0.4853
1175	5	21	0	0.1988
1176	4	7	1	0.5727
1177	5	14	0	0.1742
1178	6	8	1	0.3977
1179	5	9	0	0.3372
1180	5	13	1	0.4127
1181	5	12	0	0.0000
1182	5	8	0	0.3510
1183	5	20	0	0.0247
1184	5	30	0	0.0000
1185	5	10	2	0.4417
1186	5	12	0	0.1180
1187	6	25	0	0.1711
1188	5	19	0	0.1698
1189	5	26	0	0.1932
1190	5	7	1	0.0986
1191	5	28	0	0.0330
1192	5	19	0	0.0816
1193	5	11	1	0.2603
1194	5	21	0	0.0425
1195	5	10	0	0.1814
1196	5	9	0	0.3916
1197	5	8	0	0.2606
1198	5	18	0	0.2465
1199	5	28	0	0.0000
1200	5	18	0	0.0128
1201	6	12	0	0.4339
1202	5	8	1	0.2441
1203	5	9	0	0.0315
1204	5	7	0	0.2475
1205	5	14	0	0.1687
1206	6	43	0	0.1297
1207	5	12	1	0.4630
1208	6	14	2	0.4775
1209	5	7	1	0.5056
1210	5	19	0	0.0000
1211	5	35	0	0.0485
1212	6	5	0	0.3562
1213	50	4	1	0.2652
1214	5	25	0	0.0000
1215	5	12	1	0.3907
1216	5	12	0	0.0000
1217	5	5	0	0.2685
1218	5	9	0	0.0000
1219	5	16	1	0.3485
1220	50	4	0	0.5953
1221	5	16	1	0.4187
1222	5	30	0	0.0000
1223	5	12	0	0.0000
1224	7	9	1	0.4498
1225	5	7	0	0.1418
1226	5	14	0	0.2878
1227	5	18	0	0.0303
1228	5	17	0	0.0000
1229	5	8	0	0.2184
1230	5	16	1	0.4730
1231	5	13	0	0.0000
1232	5	10	2	0.3782
1233	6	15	0	0.4792
1234	5	12	0	0.2353
1235	5	6	1	0.5726
1236	5	31	0	0.0000
1237	5	24	1	0.1421
1238	5	5	0	0.4435
1239	5	20	0	0.0000
1240	5	16	0	0.3515
1241	5	7	2	0.2077
1242	5	18	0	0.0000
1243	5	12	1	0.4272
1244	4	3	0	0.3931
1245	6	4	0	0.4069
1246	50	16	0	0.4911
1247	5	12	1	0.1219
1248	6	7	1	0.0684
1249	5	11	0	0.4476
1250	5	31	0	0.1025
1251	5	20	0	0.0375
1252	5	17	1	0.3513
1253	5	14	1	0.2153
1254	5	8	2	0.4837
1255	5	6	0	0.1824
1256	5	26	0	0.0359
1257	5	18	0	0.0000
1258	5	8	1	0.2774
1259	5	18	0	0.2655
1260	5	13	0	0.2668
1261	6	33	0	0.1791
1262	5	8	0	0.3409
1263	5	12	0	0.0000
1264	5	14	0	0.1119
1265	5	5	1	0.5815
1266	6	10	1	0.4012
1267	50	0	0	0.7071
1268	5	8	1	0.2731
1269	6	5	1	0.4388
1270	4	2	4	0.3926
1271	6	17	0	0.3311
1272	5	16	1	0.3683
1273	6	25	0	0.2225
1274	5	15	2	0.3317
1275	5	11	1	0.4388
1276	5	14	1	0.4823
1277	5	17	0	0.0226
1278	5	16	1	0.0383
1279	6	9	1	0.5460
1280	5	2	1	0.3295
1281	5	34	0	0.2197
1282	5	13	1	0.3761
1283	5	21	0	0.0000
1284	5	17	0	0.1889
1285	5	6	1	0.4783
1286	5	16	0	0.1343
1287	5	8	1	0.4261
1288	5	13	1	0.3413
1289	5	19	0	0.1016
1290	5	10	1	0.4890
1291	5	32	0	0.0659
1292	6	9	0	0.3773
1293	5	34	0	0.0318
1294	5	10	0	0.3294
1295	5	18	0	0.0000
1296	5	14	0	0.1491
1297	5	10	1	0.6365
1298	5	8	0	0.3450
1299	5	5	0	0.4299
1300	5	11	0	0.0000
1301	5	8	1	0.0305
1302	5	18	0	0.2142
1303	6	24	0	0.3603
1304	50	3	1	0.6128
1305	5	7	1	0.2484
1306	5	34	0	0.0318
1307	5	7	1	0.3811
1308	5	13	0	0.0000
1309	5	18	0	0.2234
1310	4	6	3	0.2495
1311	5	13	0	0.0433
1312	5	14	1	0.3293
1313	6	2	1	0.1325
1314	50	1	0	0.4284
1315	5	12	0	0.2580
1316	5	7	1	0.4266
1317	5	5	2	0.4939
1318	5	10	1	0.5503
1319	5	18	0	0.0111
1320	50	0	0	NaN
1321	5	8	1	0.4205
1322	5	16	0	0.3583
1323	5	20	0	0.2015
1324	5	4	1	0.1599
1325	5	14	1	0.3303
1326	9	12	0	0.3545
1327	5	31	0	0.0000
1328	5	2	1	0.3122
1329	5	18	0	0.0000
1330	5	5	1	0.4277
1331	5	7	1	0.4231
1332	5	13	0	0.2977
1333	5	12	2	0.5049
1334	5	5	1	0.4807
1335	5	18	0	0.2675
1336	5	1	3	0.3985
1337	5	25	0	0.2078
1338	5	10	0	0.2724
1339	5	20	0	0.4209
1340	5	5	0	0.1845
1341	5	7	0	0.2038
1342	5	3	0	0.7633
1343	5	17	0	0.0000
1344	5	10	1	0.4957
1345	5	15	1	0.3822
1346	6	13	0	0.4794
1347	5	11	0	0.0263
1348	7	4	0	0.2901
1349	5	15	1	0.4379
1350	6	10	1	0.3052
1351	5	12	0	0.0259
1352	5	12	0	0.0249
1353	5	11	0	0.1771
1354	5	15	0	0.0000
1355	4	1	0	0.0525
1356	5	6	0	0.1999
1357	5	15	0	0.0282
1358	5	14	1	0.2925
1359	8	4	1	0.3417
1360	5	11	0	0.0504
1361	5	14	0	0.0000
1362	50	3	0	0.3025
1363	5	8	2	0.3695
1364	5	10	1	0.3357
1365	5	10	1	0.5680
1366	5	11	0	0.0364
1367	5	16	0	0.0000
1368	5	14	0	0.0259
1369	5	32	0	0.2496
1370	5	8	0	0.1466
1371	5	26	0	0.0173
1372	6	14	1	0.4719
1373	5	16	0	0.0000
1374	5	13	0	0.2292
1375	5	17	0	0.1102
1376	5	18	1	0.2884
1377	5	2	0	0.0279
1378	5	18	0	0.0226
1379	5	14	0	0.4235
1380	5	10	1	0.0825
1381	5	5	0	0.3277
1382	5	2	2	0.4026
1383	5	4	0	0.0252
1384	50	0	0	NaN
1385	5	14	1	0.5137
1386	5	1	0	0.1685
1387	5	8	0	0.0528
1388	5	11	1	0.4948
1389	5	15	0	0.2922
1390	5	12	1	0.3931
1391	5	10	0	0.0000
1392	5	14	0	0.0000
1393	5	9	0	0.3111
1394	5	6	0	0.3920
1395	5	13	1	0.3840
1396	5	28	0	0.0000
1397	5	14	1	0.5118
1398	5	24	0	0.0000
1399	5	13	1	0.3455
1400	5	9	0	0.2924
1401	50	0	0	NaN
1402	5	26	0	0.0000
1403	5	13	0	0.0000
1404	6	30	0	0.1573
1405	5	9	1	0.4467
1406	4	8	1	0.6181
1407	5	20	1	0.3717
1408	5	20	0	0.0000
1409	5	21	0	0.0254
1410	6	20	1	0.3502
1411	5	15	0	0.0000
1412	5	8	1	0.4614
1413	5	8	1	0.2774
1414	5	20	0	0.2411
1415	5	18	0	0.0366
1416	5	11	1	0.3451
1417	5	13	1	0.3805
1418	5	13	0	0.0180
1419	50	1	1	0.1727
1420	50	3	1	0.3031
1421	5	11	0	0.3567
1422	4	3	0	0.4318
1423	5	28	0	0.0999
1424	5	9	0	0.0234
1425	5	14	0	0.0000
1426	5	7	1	0.2930
1427	5	8	1	0.4699
1428	5	14	2	0.4256
1429	5	4	1	0.1097
1430	5	15	1	0.3372
1431	5	14	0	0.0261
1432	5	27	0	0.0000
1433	5	26	0	0.1797
1434	50	0	0	NaN
1435	5	22	0	0.1984
1436	5	9	1	0.1973
1437	5	12	2	0.3784
1438	5	13	1	0.4304
1439	5	17	0	0.1804
1440	5	19	0	0.2180
1441	5	16	0	0.0000
1442	6	10	1	0.3466
1443	5	4	0	0.1172
1444	5	16	1	0.0245
1445	5	14	1	0.5688
1446	5	11	0	0.0190
1447	7	7	1	0.2481
1448	5	7	1	0.2027
1449	5	18	2	0.0986
1450	50	2	0	0.5957
1451	5	9	0	0.0675
1452	5	13	0	0.0000
1453	5	4	0	0.5587
1454	4	3	1	0.0487
1455	5	6	0	0.0818
1456	5	10	1	0.4100
1457	5	14	0	0.3177
1458	5	12	0	0.0000
1459	5	4	0	0.0653
1460	5	27	0	0.0274
1461	5	10	0	0.3952
1462	5	12	1	0.5645
1463	5	9	2	0.4395
1464	5	24	0	0.2296
1465	5	12	1	0.4384
1466	5	4	1	0.4470
1467	6	5	4	0.2930
1468	50	0	0	NaN
1469	5	14	1	0.4267
1470	5	20	0	0.0214
1471	5	12	1	0.3999
1472	6	11	1	0.4705
1473	5	18	0	0.0679
1474	5	26	0	0.1296
1475	5	9	1	0.3227
1476	5	10	1	0.2216
1477	5	8	2	0.4578
1478	5	12	0	0.0210
1479	5	10	0	0.2840
1480	5	6	1	0.4953
1481	10	2	0	0.3313
1482	5	11	1	0.5050
1483	5	10	1	0.4534
1484	5	17	0	0.0000
1485	5	21	0	0.0155
1486	6	12	1	0.4141
1487	5	14	0	0.2043
1488	5	10	0	0.3863
1489	50	0	0	NaN
1490	5	5	0	0.1969
1491	5	15	0	0.0000
1492	5	11	0	0.0335
1493	4	2	0	0.0000
1494	5	9	1	0.4560
1495	5	16	0	0.0145
1496	5	25	0	0.1494
1497	5	12	0	0.0521
1498	5	15	0	0.0000
1499	4	9	0	0.3272
1500	5	6	1	0.2582
1501	5	14	1	0.3869
1502	5	11	2	0.4652
1503	5	13	2	0.4933
1504	5	11	1	0.0702
1505	5	20	0	0.0143
1506	5	8	0	0.0134
1507	5	20	0	0.2195
1508	5	7	0	0.4105
1509	50	4	1	0.3664
1510	6	14	0	0.3502
1511	5	11	1	0.5394
1512	5	8	0	0.1971
1513	5	22	0	0.1983
1514	6	4	1	0.3294
1515	5	5	0	0.2368
1516	5	7	0	0.3399
1517	5	24	0	0.2257
1518	5	5	0	0.3976
1519	5	20	1	0.2454
1520	7	6	0	0.2663
1521	6	11	0	0.3853
1522	5	24	0	0.0000
1523	5	7	0	0.2001
1524	5	14	0	0.1863
1525	5	10	0	0.3583
1526	5	8	1	0.5092
1527	5	10	2	0.4810
1528	5	15	0	0.2558
1529	50	0	0	0.3600
1530	6	7	0	0.4693
1531	5	12	1	0.2281
1532	5	13	1	0.0247
1533	5	13	0	0.2286
1534	6	32	0	0.2032
1535	5	8	0	0.1846
1536	5	9	0	0.4400
1537	5	8	1	0.5336
1538	5	7	2	0.3202
1539	5	21	1	0.0762
1540	5	8	0	0.0640
1541	5	16	0	0.0810
1542	5	8	0	0.5691
1543	5	14	0	0.3037
1544	6	6	0	0.2851
1545	5	7	1	0.5472
1546	6	9	1	0.4428
1547	50	4	3	0.4858
1548	6	6	0	0.1351
1549	6	7	1	0.3538
1550	5	12	0	0.2412
1551	5	14	0	0.3194
1552	5	16	1	0.2751
1553	7	1	1	0.0904
1554	5	17	1	0.4774
1555	5	13	1	0.4880
1556	6	5	1	0.3918
1557	50	0	1	0.0000
1558	5	16	0	0.1602
1559	5	8	1	0.5298
1560	5	7	1	0.2392
1561	5	9	1	0.1921
1562	6	6	0	0.5957
1563	5	20	0	0.0000
1564	5	7	0	0.2817
1565	5	11	0	0.0113
1566	6	6	0	0.1813
1567	5	8	0	0.4502
1568	4	4	1	0.5610
1569	5	12	0	0.4303
1570	5	9	0	0.1574
1571	5	5	0	0.2502
1572	5	15	0	0.0617
1573	5	7	1	0.1719
1574	50	0	0	0.6325
1575	5	7	1	0.4343
1576	5	11	0	0.4276
1577	5	10	1	0.4242
1578	5	27	0	0.0095
1579	5	14	1	0.4956
1580	5	27	1	0.3150
1581	5	19	0	0.1014
1582	5	17	0	0.0124
1583	5	13	1	0.4622
1584	5	12	0	0.3006
1585	5	9	2	0.5312
1586	5	19	0	0.0000
1587	5	9	1	0.3422
1588	6	3	0	0.1060
1589	5	22	0	0.2488
1590	5	20	0	0.2133
1591	5	11	0	0.0587
1592	5	22	0	0.2919
1593	4	1	0	0.0000
1594	5	13	0	0.0000
1595	5	20	0	0.2568
1596	5	18	0	0.3104
1597	5	13	0	0.0092
1598	5	8	0	0.0275
1599	5	17	0	0.0200
1600	5	8	1	0.1753
1601	5	14	2	0.3854
1602	5	22	1	0.5204
1603	6	7	0	0.5571
1604	5	10	0	0.4775
1605	5	28	0	0.0000
1606	5	10	2	0.4844
1607	50	0	0	NaN
1608	6	20	0	0.1500
1609	50	4	0	0.5756
1610	5	7	0	0.2192
1611	5	20	0	0.0000
1612	5	19	1	0.3078
1613	5	3	3	0.2924
1614	5	14	0	0.0000
1615	9	9	0	0.2646
1616	5	9	0	0.1914
1617	5	27	0	0.0000
1618	5	10	0	0.1979
1619	5	18	0	0.0172
1620	5	19	0	0.0000
1621	5	9	0	0.4254
1622	5	7	0	0.2494
1623	5	14	0	0.0000
1624	5	12	0	0.1353
1625	5	11	0	0.2756
1626	5	8	1	0.3042
1627	5	11	1	0.4399
1628	6	8	0	0.3101
1629	5	13	1	0.4021
1630	5	14	0	0.0941
1631	9	6	0	0.2850
1632	5	24	0	0.0305
1633	5	11	0	0.0000
1634	9	5	1	0.4228
1635	50	1	1	0.4342
1636	6	46	0	0.1378
1637	5	11	0	0.0364
1638	5	7	0	0.0622
1639	5	36	0	0.2318
1640	5	22	0	0.0000
1641	5	14	0	0.2242
1642	6	6	2	0.3743
1643	5	14	0	0.0000
1644	5	12	1	0.4696
1645	4	7	0	0.4192
1646	5	32	0	0.2160
1647	5	6	0	0.0911
1648	8	7	1	0.3779
1649	50	0	0	0.4714
1650	5	22	1	0.4066
1651	5	12	0	0.0687
1652	5	24	0	0.0000
1653	5	12	1	0.3863
1654	5	7	0	0.3126
1655	6	28	0	0.1981
1656	50	1	0	0.4284
1657	5	14	0	0.2071
1658	5	20	0	0.2552
1659	6	3	0	0.4190
1660	5	6	1	0.3718
1661	5	18	1	0.4259
1662	6	16	0	0.3416
1663	5	11	1	0.4526
1664	5	6	0	0.2550
1665	5	10	0	0.0268
1666	5	8	0	0.0307
1667	5	30	0	0.1404
1668	5	13	0	0.0000
1669	5	12	1	0.3739
1670	4	10	1	0.5039
1671	5	13	1	0.5009
1672	5	9	0	0.4713
1673	5	2	1	0.2488
1674	5	13	1	0.4622
1675	5	15	0	0.0000
1676	5	30	0	0.0237
1677	5	8	0	0.5191
1678	6	11	2	0.3903
1679	50	6	0	0.3707
1680	5	15	2	0.5257
1681	5	19	0	0.1433
1682	5	15	1	0.0335
1683	5	6	0	0.0574
1684	6	25	0	0.3290
1685	5	24	0	0.0382
1686	5	13	1	0.4401
1687	5	18	0	0.0000
1688	50	3	0	0.3599
1689	5	5	0	0.4508
1690	5	12	2	0.4012
1691	5	5	2	0.4010
1692	3	3	0	0.4283
1693	5	20	0	0.0000
1694	5	20	0	0.0690
1695	6	4	0	0.5035
1696	5	10	0	0.2425
1697	5	3	0	0.6718
1698	6	30	0	0.2866
1699	2	0	0	NaN
1700	5	15	0	0.0000
1701	5	8	1	0.0383
1702	5	19	1	0.3174
1703	50	1	0	0.4011
1704	5	11	2	0.4860
1705	6	46	0	0.1641
1706	5	20	1	0.1588
1707	50	9	0	0.3713
1708	5	20	0	0.0893
1709	5	21	0	0.0412
1710	5	13	0	0.3488
1711	5	15	1	0.4228
1712	5	9	0	0.0000
1713	5	6	0	0.3494
1714	50	7	0	0.4731
1715	5	13	1	0.4948
1716	5	17	0	0.0485
1717	5	7	1	0.6724
1718	5	15	1	0.4784
1719	5	1	0	0.2355
1720	5	10	1	0.5160
1721	5	20	0	0.0397
1722	5	6	1	0.4466
1723	5	8	2	0.1748
1724	5	10	0	0.2294
1725	5	7	0	0.0262
1726	5	17	0	0.0193
1727	5	10	1	0.6092
1728	50	1	0	0.5988
1729	5	9	1	0.4446
1730	5	34	0	0.0000
1731	5	5	0	0.2425
1732	5	10	0	0.2406
1733	5	4	0	0.0544
1734	6	17	0	0.3246
1735	5	15	1	0.4260
1736	5	14	0	0.2878
1737	5	14	0	0.1563
1738	5	5	0	0.0574
1739	5	7	0	0.2093
1740	5	2	0	0.1139
1741	5	9	2	0.4442
1742	5	21	0	0.0000
1743	6	17	0	0.3834
1744	7	8	1	0.4664
1745	5	25	0	0.1653
1746	5	13	0	0.2024
1747	6	33	0	0.0286
1748	50	0	0	0.9065
1749	5	8	0	0.0337
1750	5	7	1	0.5245
1751	5	25	0	0.0501
1752	5	18	0	0.0000
1753	5	20	0	0.2687
1754	5	6	1	0.2599
1755	6	11	0	0.2786
1756	4	13	2	0.4945
1757	5	5	0	0.1633
1758	5	8	1	0.3810
1759	5	20	0	0.0000
1760	5	16	0	0.0180
1761	5	13	1	0.4510
1762	5	7	0	0.4303
1763	5	17	0	0.0771
1764	5	14	1	0.1741
1765	6	12	1	0.3975
1766	6	14	0	0.1958
1767	6	1	1	0.0987
1768	5	12	1	0.3854
1769	6	10	0	0.4939
1770	5	6	0	0.2904
1771	5	17	0	0.0000
1772	5	11	0	0.0000
1773	5	20	0	0.1173
1774	5	14	1	0.2998
1775	5	10	0	0.2197
1776	5	20	1	0.3621
1777	5	19	0	0.1846
1778	6	19	0	0.3678
1779	5	17	0	0.2288
1780	5	19	0	0.0347
1781	10	6	0	0.3925
1782	5	13	0	0.0000
1783	5	19	2	0.4751
1784	6	13	1	0.5004
1785	6	11	2	0.4932
1786	6	16	1	0.4442
1787	5	8	1	0.4513
1788	5	16	0	0.2246
1789	5	11	2	0.4439
1790	5	19	0	0.3010
1791	5	13	0	0.2305
1792	5	25	0	0.0274
1793	5	14	1	0.3055
1794	5	13	0	0.0000
1795	5	3	1	0.2484
1796	5	18	0	0.0182
1797	50	1	0	NaN
1798	5	23	0	0.0000
1799	5	5	1	0.0711
1800	5	12	0	0.0000
1801	5	8	0	0.0000
1802	5	23	0	0.2785
1803	6	27	0	0.2584
1804	5	9	0	0.0254
1805	4	5	1	0.0503
1806	5	14	0	0.3708
1807	5	17	0	0.1414
1808	5	18	0	0.0000
1809	4	3	0	0.0000
1810	5	21	0	0.2391
1811	5	11	2	0.3588
1812	5	6	0	0.3938
1813	5	9	1	0.5113
1814	5	8	0	0.4842
1815	5	10	0	0.0636
1816	5	11	0	0.3892
1817	5	16	0	0.0184
1818	5	13	3	0.4007
1819	5	19	0	0.0284
1820	5	34	0	0.0000
1821	7	13	2	0.4147
1822	6	40	0	0.1158
1823	5	9	0	0.0513
1824	4	1	2	0.3471
1825	5	7	0	0.2280
1826	5	9	1	0.4149
1827	6	12	0	0.3088
1828	5	23	0	0.0000
1829	4	3	0	0.0000
1830	5	14	1	0.3278
1831	5	14	1	0.4565
1832	5	9	1	0.5124
1833	5	21	0	0.0000
1834	5	7	0	0.1846
1835	5	30	0	0.0202
1836	5	24	2	0.4349
1837	6	1	0	0.0596
1838	5	24	0	0.0000
1839	5	15	0	0.1958
1840	5	15	0	0.0000
1841	5	20	0	0.1345
1842	5	13	0	0.3144
1843	5	11	1	0.3740
1844	6	33	0	0.1590
1845	7	8	1	0.5076
1846	5	26	0	0.0000
1847	5	10	2	0.5635
1848	5	16	0	0.3228
1849	5	23	1	0.3710
1850	50	2	0	0.5957
1851	5	3	3	0.1646
1852	5	11	0	0.0288
1853	5	4	0	0.1999
1854	5	9	0	0.3499
1855	5	5	0	0.0533
1856	5	15	1	0.4946
1857	6	4	0	0.2061
1858	5	17	0	0.0327
1859	6	6	1	0.5983
1860	5	18	0	0.0000
1861	5	12	1	0.4368
1862	5	17	1	0.4397
1863	5	9	1	0.2282
1864	5	15	1	0.3845
1865	5	8	1	0.2073
1866	5	13	0	0.0153
1867	6	14	2	0.5425
1868	5	10	1	0.4718
1869	5	11	0	0.0000
1870	4	9	1	0.0235
1871	5	8	0	0.0315
1872	5	8	0	0.0231
1873	5	11	0	0.0597
1874	5	15	0	0.2457
1875	6	7	0	0.3130
1876	5	7	0	0.2416
1877	5	21	1	0.0272
1878	50	1	0	NaN
1879	5	19	0	0.3569
1880	5	16	0	0.2068
1881	6	24	0	0.0000
1882	5	7	1	0.4033
1883	4	4	1	0.2655
1884	6	10	0	0.1297
1885	5	10	0	0.0000
1886	7	9	0	0.0890
1887	5	22	0	0.0760
1888	5	24	0	0.2234
1889	6	4	1	0.1736
1890	5	14	0	0.0454
1891	5	14	0	0.0000
1892	6	26	0	0.2628
1893	50	1	1	0.4074
1894	5	7	0	0.1490
1895	4	3	1	0.1510
1896	5	14	0	0.4610
1897	5	11	0	0.0000
1898	5	6	1	0.3788
1899	6	27	0	0.1800
1900	6	12	1	0.5393
1901	5	3	0	0.2919
1902	5	6	1	0.4970
1903	5	20	2	0.2774
1904	8	4	1	0.3524
1905	6	4	1	0.2567
1906	5	17	1	0.3373
1907	5	15	0	0.0708
1908	5	19	0	0.2207
1909	5	11	0	0.2363
1910	5	22	0	0.0000
1911	4	1	1	0.1129
1912	5	15	2	0.5237
1913	6	10	0	0.1709
1914	4	14	1	0.2578
1915	6	6	1	0.4369
1916	5	12	0	0.0824
1917	6	9	0	0.4355
1918	5	18	1	0.4189
1919	5	11	0	0.4586
1920	4	7	1	0.5772
1921	5	16	0	0.1013
1922	5	23	0	0.1545
1923	5	12	1	0.4578
1924	5	12	2	0.4935
1925	5	15	0	0.3197
1926	5	8	1	0.5254
1927	5	16	0	0.2954
1928	5	9	0	0.0249
1929	5	6	1	0.3495
1930	5	16	0	0.1926
1931	5	20	0	0.1448
1932	6	17	1	0.2595
1933	5	22	0	0.0000
1934	5	12	0	0.0331
1935	5	15	0	0.0275
1936	5	11	1	0.1133
1937	5	6	0	0.1853
1938	5	12	0	0.0000
1939	5	11	1	0.5842
1940	5	10	2	0.4228
1941	5	15	0	0.0611
1942	5	12	0	0.1235
1943	5	17	0	0.1162
1944	5	6	1	0.4057
1945	4	5	0	0.0178
1946	5	8	0	0.1866
1947	5	17	0	0.0000
1948	4	7	1	0.4926
1949	5	16	0	0.0000
1950	5	5	0	0.2582
1951	6	32	0	0.2212
1952	5	14	0	0.2506
1953	5	25	0	0.2156
1954	5	12	2	0.4012
1955	5	14	0	0.0000
1956	6	9	1	0.4978
1957	5	27	0	0.0000
1958	6	13	1	0.4977
1959	2	2	3	0.1840
1960	6	11	1	0.5501
1961	5	16	0	0.2607
1962	5	16	0	0.3350
1963	6	10	1	0.4226
1964	5	14	1	0.2879
1965	5	6	0	0.0960
1966	5	16	0	0.2860
1967	5	13	0	0.0000
1968	5	16	0	0.0000
1969	5	14	0	0.0000
1970	4	2	0	0.0000
1971	5	28	0	0.0368
1972	5	5	1	0.4604
1973	5	8	1	0.4041
1974	5	23	0	0.1675
1975	5	23	0	0.1380
1976	5	23	0	0.0000
1977	6	7	0	0.4043
1978	5	8	0	0.0947
1979	5	5	1	0.5306
1980	5	24	0	0.2691
1981	9	8	2	0.4426
1982	5	22	0	0.0000
1983	50	0	0	0.4714
1984	6	16	0	0.2842
1985	6	17	1	0.5465
1986	5	29	0	0.1411
1987	5	27	0	0.1694
1988	5	20	0	0.2077
1989	5	12	1	0.2515
1990	5	11	1	0.3061
1991	5	24	0	0.0000
1992	5	11	1	0.5139
1993	5	15	0	0.0000
1994	4	8	1	0.1363
1995	5	8	1	0.4589
1996	5	17	0	0.0000
1997	5	10	0	0.1930
1998	5	8	0	0.2254
1999	5	15	2	0.4484
2000	50	1	1	0.4949
2001	5	12	1	0.3776
2002	4	3	1	0.0928
2003	6	8	0	0.4857
2004	5	15	1	0.4941
2005	5	24	0	0.2459
2006	6	11	1	0.5442
2007	5	11	1	0.4202
2008	5	17	0	0.0000
2009	5	16	0	0.0000
2010	5	13	2	0.5732
2011	6	15	1	0.3886
2012	5	18	0	0.0615
2013	5	14	0	0.1452
2014	5	17	0	0.2408
2015	50	1	0	0.3103
2016	5	6	0	0.5753
2017	5	11	1	0.0517
2018	5	33	0	0.2068
2019	5	16	0	0.1428
2020	5	10	0	0.1847
2021	50	7	0	0.5698
2022	5	19	1	0.3534
2023	5	18	0	0.0904
2024	5	27	0	0.0188
2025	5	5	0	0.2219
2026	5	19	1	0.0355
2027	5	9	1	0.1822
2028	5	16	0	0.0215
2029	7	15	1	0.5605
2030	5	8	0	0.3123
2031	5	4	1	0.4679
2032	5	17	0	0.0200
2033	5	22	0	0.0226
2034	6	14	1	0.4873
2035	5	12	1	0.4560
2036	5	26	0	0.0757
2037	50	1	0	0.4798
2038	5	6	2	0.4616
2039	5	12	0	0.0259
2040	5	8	1	0.4589
2041	5	8	2	0.5265
2042	7	10	2	0.3469
2043	6	9	1	0.2908
2044	5	19	0	0.0233
2045	5	8	1	0.4914
2046	5	9	1	0.6371
2047	5	16	0	0.0000
2048	6	9	1	0.4641
2049	5	26	0	0.0359
2050	5	12	1	0.3151
2051	5	11	1	0.4579
2052	6	12	1	0.4088
2053	6	7	1	0.4234
2054	50	0	1	0.3566
2055	5	24	0	0.0247
2056	6	1	0	0.1960
2057	5	17	0	0.0000
2058	5	18	2	0.4630
2059	6	11	1	0.4904
2060	5	17	0	0.0000
2061	5	24	0	0.2510
2062	6	6	1	0.3047
2063	5	20	0	0.0000
2064	5	8	2	0.5068
2065	5	18	0	0.0316
2066	6	4	0	0.3716
2067	5	20	0	0.0480
2068	6	15	1	0.3976
2069	6	28	0	0.1624
2070	5	27	0	0.0000
2071	5	21	0	0.0000
2072	5	15	0	0.3979
2073	5	10	1	0.3571
2074	5	19	0	0.1858
2075	5	19	0	0.0000
2076	5	11	1	0.2958
2077	5	12	1	0.3605
2078	5	14	0	0.0000
2079	5	7	1	0.5812
2080	5	11	1	0.5684
2081	5	10	1	0.6092
2082	5	20	0	0.0000
2083	5	19	1	0.1262
2084	5	24	0	0.0000
2085	5	18	1	0.2023
2086	5	9	0	0.0000
2087	5	11	0	0.0605
2088	5	14	1	0.3604
2089	50	6	0	0.3226
2090	5	12	0	0.0000
2091	5	9	0	0.2199
2092	5	18	0	0.0000
2093	5	15	0	0.2229
2094	5	20	0	0.2358
2095	5	15	2	0.1474
2096	5	4	0	0.6704
2097	5	21	0	0.1225
2098	5	9	0	0.1714
2099	6	16	0	0.3782
2100	50	0	0	NaN
2101	5	5	1	0.3759
2102	5	19	1	0.2431
2103	5	24	0	0.0234
2104	5	11	0	0.0335
2105	5	15	0	0.0000
2106	5	20	0	0.0000
2107	5	32	0	0.1809
2108	5	16	1	0.2574
2109	5	19	1	0.3985
2110	5	29	1	0.3769
2111	5	13	1	0.3338
2112	5	8	4	0.4099
2113	5	24	0	0.0000
2114	5	16	1	0.3798
2115	5	16	1	0.3043
2116	5	10	0	0.3006
2117	5	16	0	0.1376
2118	6	15	1	0.2176
2119	5	17	0	0.0000
2120	5	13	0	0.1787
2121	5	11	0	0.0000
2122	6	26	0	0.1272
2123	5	15	1	0.4065
2124	5	15	1	0.4141
2125	5	10	0	0.1592
2126	5	5	0	0.1845
2127	5	16	0	0.1109
2128	5	14	1	0.3951
2129	2	2	2	0.3500
2130	5	25	0	0.1606
2131	5	12	0	0.0815
2132	4	6	2	0.4908
2133	5	15	1	0.4352
2134	5	15	1	0.4053
2135	5	17	0	0.0000
2136	5	9	1	0.6371
2137	6	33	0	0.1446
2138	5	29	0	0.1892
2139	6	9	0	0.3538
2140	5	14	0	0.2493
2141	5	30	0	0.0000
2142	5	15	0	0.2848
2143	6	11	1	0.4831
2144	5	12	0	0.0000
2145	4	1	0	0.4041
2146	5	17	0	0.0243
2147	50	1	0	0.8358
2148	5	5	1	0.1879
2149	5	10	0	0.1790
2150	20	4	0	0.5599
2151	5	14	0	0.1118
2152	5	8	1	0.3100
2153	5	6	1	0.4302
2154	5	16	0	0.0000
2155	6	13	1	0.4917
2156	4	9	1	0.2822
2157	5	17	0	0.0340
2158	5	10	0	0.3918
2159	6	5	1	0.3009
2160	5	8	0	0.3294
2161	5	8	0	0.0301
2162	5	15	1	0.3111
2163	6	12	1	0.4281
2164	5	11	0	0.0179
2165	6	7	1	0.4589
2166	5	10	0	0.2877
2167	5	16	0	0.0000
2168	5	10	0	0.0000
2169	6	9	1	0.4361
2170	5	16	2	0.3647
2171	4	4	1	0.1163
2172	5	13	0	0.0000
2173	5	21	0	0.2567
2174	5	6	0	0.2709
2175	5	3	1	0.1520
2176	5	15	0	0.0454
2177	7	7	1	0.4192
2178	5	14	1	0.3334
2179	5	8	0	0.0408
2180	4	6	0	0.2145
2181	4	4	2	0.1821
2182	5	11	0	0.1911
2183	5	17	0	0.0000
2184	5	43	0	0.0000
2185	5	13	0	0.0397
2186	3	1	0	0.1447
2187	5	8	0	0.0231
2188	50	1	1	0.5464
2189	5	22	2	0.4584
2190	5	6	1	0.5526
2191	5	17	1	0.0489
2192	5	19	0	0.0239
2193	5	13	1	0.4397
2194	5	10	2	0.4165
2195	5	12	1	0.3902
2196	5	21	1	0.2278
2197	5	33	0	0.0156
2198	5	19	0	0.0484
2199	5	18	0	0.2360
2200	5	14	0	0.0000
2201	5	20	1	0.2074
2202	5	11	0	0.3910
2203	5	12	1	0.0325
2204	5	11	0	0.0980
2205	5	41	0	0.1397
2206	6	16	0	0.0281
2207	5	22	0	0.2366
2208	5	13	1	0.4001
2209	5	18	0	0.2088
2210	50	3	0	0.7376
2211	5	8	1	0.4960
2212	5	12	1	0.2273
2213	6	2	0	0.1328
2214	5	6	0	0.4644
2215	4	6	1	0.6145
2216	5	31	0	0.0442
2217	4	4	0	0.0000
2218	50	0	0	NaN
2219	5	8	2	0.4556
2220	9	10	0	0.4218
2221	5	25	0	0.3121
2222	5	12	0	0.0929
2223	5	5	1	0.5306
2224	5	7	0	0.3442
2225	7	6	0	0.3168
2226	5	14	1	0.3316
2227	5	16	0	0.0000
2228	5	11	0	0.0168
2229	5	16	1	0.3700
2230	5	5	0	0.0514
2231	4	7	1	0.4151
2232	5	8	1	0.4839
2233	6	11	1	0.6131
2234	5	16	0	0.0000
2235	5	17	0	0.1706
2236	5	16	0	0.1482
2237	6	2	2	0.4257
2238	5	8	1	0.4263
2239	6	3	1	0.3150
2240	8	3	0	0.0483
2241	5	9	1	0.4508
2242	7	9	0	0.2051
2243	6	8	1	0.4451
2244	5	2	2	0.4048
2245	50	1	2	NaN
2246	5	19	0	0.2438
2247	5	13	0	0.2918
2248	5	9	1	0.4622
2249	5	18	1	0.2842
2250	5	17	0	0.0322
2251	5	7	0	0.2730
2252	5	13	0	0.3515
2253	6	9	0	0.2796
2254	6	36	0	0.1219
2255	5	27	0	0.1280
2256	5	9	2	0.3873
2257	5	30	0	0.0516
2258	5	0	3	0.3499
2259	5	8	1	0.4188
2260	5	18	0	0.0000
2261	5	8	1	0.4151
2262	5	13	0	0.0000
2263	5	19	1	0.3227
2264	5	37	0	0.1141
2265	6	11	2	0.4546
2266	6	1	3	0.3512
2267	5	19	0	0.0000
2268	5	10	0	0.6043
2269	5	11	1	0.4672
2270	5	20	0	0.0000
2271	5	11	0	0.2528
2272	5	24	0	0.1439
2273	50	0	0	0.4714
2274	5	13	2	0.4536
2275	5	12	1	0.4756
2276	5	11	1	0.4531
2277	6	10	1	0.1654
2278	4	7	1	0.4912
2279	5	22	0	0.0000
2280	6	11	2	0.4921
2281	5	11	1	0.5372
2282	5	9	0	0.1768
2283	4	9	1	0.3781
2284	5	10	1	0.5154
2285	5	15	0	0.0269
2286	5	3	1	0.2095
2287	4	2	1	0.1819
2288	5	8	0	0.0398
2289	5	5	1	0.1879
2290	5	8	0	0.5327
2291	5	8	0	0.0168
2292	5	24	0	0.0204
2293	5	23	0	0.0000
2294	5	12	1	0.4992
2295	5	29	0	0.0863
2296	5	14	0	0.0000
2297	5	4	2	0.3240
2298	5	18	0	0.1522
2299	5	21	0	0.2183
2300	5	27	0	0.0000
2301	6	9	0	0.5888
2302	5	11	0	0.0000
2303	5	26	0	0.1916
2304	7	14	1	0.5122
2305	5	18	0	0.1542
2306	5	11	0	0.4182
2307	5	9	1	0.3435
2308	6	9	1	0.4941
2309	5	14	0	0.0000
2310	50	1	1	0.3289
2311	5	15	0	0.0000
2312	5	18	0	0.0000
2313	5	17	1	0.1485
2314	5	8	2	0.3146
2315	5	13	0	0.3993
2316	5	18	0	0.1521
2317	5	12	0	0.2986
2318	5	8	1	0.3553
2319	5	24	0	0.2371
2320	5	18	0	0.0321
2321	5	15	0	0.0229
2322	5	23	0	0.0199
2323	6	4	0	0.2765
2324	5	11	0	0.0642
2325	5	35	0	0.0193
2326	5	20	0	0.0000
2327	5	13	1	0.2479
2328	50	0	0	NaN
2329	6	8	1	0.3894
2330	5	9	2	0.5242
2331	5	17	0	0.2451
2332	5	16	0	0.0000
2333	5	13	0	0.0000
2334	5	25	0	0.0000
2335	4	10	1	0.4481
2336	5	14	0	0.2580
2337	10	8	0	0.3999
2338	7	8	0	0.1339
2339	5	9	1	0.5593
2340	5	3	0	0.2540
2341	5	13	1	0.1298
2342	17	10	2	0.5357
2343	5	22	0	0.0137
2344	5	37	0	0.0178
2345	5	13	0	0.2133
2346	12	6	1	0.4310
2347	6	13	0	0.4876
2348	5	17	1	0.4073
2349	6	2	0	0.0894
2350	50	1	0	0.2407
2351	5	11	0	0.1784
2352	5	11	1	0.4782
2353	8	4	1	0.4382
2354	6	7	1	0.4210
2355	5	14	0	0.0000
2356	5	5	0	0.5770
2357	5	14	0	0.0000
2358	5	0	1	0.3454
2359	6	11	2	0.3721
2360	5	18	0	0.2342
2361	5	10	0	0.4838
2362	5	2	0	0.0627
2363	5	7	0	0.0813
2364	5	16	0	0.0000
2365	5	12	0	0.0275
2366	5	8	0	0.0673
2367	5	8	1	0.4979
2368	6	19	0	0.2557
2369	50	1	0	0.2854
2370	5	12	0	0.4088
2371	5	17	0	0.2670
2372	5	8	0	0.2317
2373	5	17	0	0.0088
2374	5	16	1	0.4433
2375	5	0	2	NaN
2376	5	13	2	0.3593
2377	5	14	1	0.3104
2378	5	17	0	0.2318
2379	5	15	0	0.2063
2380	5	12	0	0.0355
2381	5	11	0	0.0356
2382	5	8	0	0.0249
2383	5	6	1	0.5678
2384	50	7	0	0.4916
2385	5	10	0	0.2393
2386	5	23	0	0.0000
2387	5	11	0	0.3171
2388	5	12	0	0.0237
2389	5	1	1	0.3779
2390	5	8	1	0.6530
2391	15	12	1	0.5099
2392	5	7	1	0.6724
2393	5	13	0	0.1999
2394	5	12	0	0.1133
2395	5	15	0	0.3428
2396	5	10	1	0.4725
2397	5	11	0	0.0000
2398	5	12	1	0.5688
2399	5	14	1	0.4407
2400	6	8	1	0.3997
2401	4	3	0	0.5202
2402	5	13	0	0.0854
2403	5	7	1	0.4649
2404	8	4	0	0.3442
2405	5	31	0	0.2303
2406	6	24	0	0.1180
2407	5	16	0	0.0000
2408	5	10	0	0.3373
2409	5	34	0	0.0208
2410	5	2	3	0.4569
2411	5	8	2	0.3677
2412	5	23	0	0.3218
2413	5	17	0	0.0000
2414	5	10	1	0.5316
2415	5	1	0	0.1328
2416	5	14	1	0.4754
2417	5	13	1	0.3982
2418	5	12	0	0.3985
2419	5	11	0	0.0689
2420	6	14	2	0.3235
2421	5	16	1	0.4471
2422	5	16	0	0.2860
2423	50	0	0	0.4714
2424	5	14	0	0.3834
2425	6	28	0	0.1781
2426	5	14	0	0.3106
2427	5	9	0	0.3233
2428	5	13	1	0.4819
2429	5	21	0	0.1527
2430	5	22	1	0.0285
2431	5	15	0	0.2524
2432	5	17	0	0.1649
2433	5	19	1	0.3517
2434	6	24	1	0.4578
2435	5	9	0	0.2561
2436	5	13	1	0.3833
2437	4	12	1	0.5003
2438	4	2	0	0.0000
2439	5	3	0	0.0503
2440	5	29	0	0.0532
2441	5	14	0	0.3126
2442	5	14	0	0.0000
2443	5	24	0	0.1802
2444	5	19	0	0.1842
2445	5	11	1	0.3442
2446	5	35	0	0.0231
2447	5	18	0	0.0548
2448	5	13	1	0.4147
2449	5	19	0	0.0135
2450	5	14	1	0.4102
2451	5	10	0	0.0497
2452	5	16	1	0.3478
2453	5	9	1	0.2775
2454	5	12	2	0.4474
2455	5	14	0	0.0000
2456	5	21	0	0.2777
2457	6	10	0	0.2313
2458	5	5	1	0.2800
2459	5	11	0	0.0704
2460	5	12	1	0.6104
2461	5	10	0	0.2328
2462	5	16	0	0.0000
2463	5	21	0	0.1006
2464	50	1	0	NaN
2465	5	16	0	0.1185
2466	5	9	0	0.3272
2467	6	4	0	0.2314
2468	5	11	1	0.5018
2469	5	22	0	0.0000
2470	5	19	0	0.0000
2471	6	16	1	0.5106
2472	5	23	0	0.0202
2473	4	4	0	0.0000
2474	5	12	0	0.0000
2475	5	18	0	0.0305
2476	6	7	1	0.5201
2477	5	15	0	0.0221
2478	5	7	0	0.3370
2479	6	16	0	0.2844
2480	5	8	0	0.4370
2481	5	14	0	0.5006
2482	50	4	0	0.5622
2483	5	14	1	0.3513
2484	5	7	1	0.5345
2485	4	11	1	0.2762
2486	5	11	0	0.1944
2487	5	20	0	0.0253
2488	5	14	0	0.0165
2489	5	22	0	0.2025
2490	5	12	1	0.5000
2491	5	7	0	0.0397
2492	6	40	0	0.2021
2493	5	26	0	0.0264
2494	5	9	2	0.5394
2495	5	16	0	0.0000
2496	5	15	0	0.0665
2497	5	17	0	0.1888
2498	5	19	1	0.1542
2499	5	12	0	0.3310
2500	5	15	0	0.0000
2501	5	10	1	0.2445
2502	5	21	0	0.0000
2503	4	5	1	0.3646
2504	5	6	0	0.3514
2505	5	11	0	0.3318
2506	5	11	0	0.0149
2507	5	24	0	0.3337
2508	5	24	0	0.0000
2509	6	8	1	0.3004
2510	5	13	0	0.2811
2511	6	10	1	0.3178
2512	5	20	0	0.0996
2513	5	7	0	0.5493
2514	6	9	1	0.5084
2515	5	10	0	0.0585
2516	5	11	0	0.0265
2517	5	18	0	0.0279
2518	5	20	0	0.2864
2519	5	16	1	0.4382
2520	5	14	1	0.3840
2521	5	12	0	0.0766
2522	6	11	1	0.5015
2523	5	14	1	0.4661
2524	5	20	1	0.0856
2525	5	4	0	0.5791
2526	5	19	1	0.4159
2527	5	12	0	0.0000
2528	6	21	0	0.2728
2529	4	11	1	0.4327
2530	5	14	0	0.0000
2531	5	13	0	0.2244
2532	5	13	1	0.3448
2533	5	15	0	0.3135
2534	8	8	1	0.5179
2535	5	32	0	0.0252
2536	5	10	0	0.3325
2537	5	17	2	0.3868
2538	5	20	0	0.0000
2539	50	3	0	0.4732
2540	5	6	0	0.3606
2541	5	13	0	0.2770
2542	5	14	0	0.0213
2543	5	14	0	0.1581
2544	5	18	0	0.1123
2545	5	20	0	0.0310
2546	5	11	2	0.4362
2547	6	25	0	0.1603
2548	5	12	2	0.4556
2549	5	17	1	0.3739
2550	5	5	1	0.4355
2551	5	11	0	0.2626
2552	5	8	0	0.1325
2553	5	14	0	0.2031
2554	5	18	0	0.1093
2555	6	6	0	0.4619
2556	5	17	1	0.2743
2557	5	12	0	0.0000
2558	6	5	0	0.4213
2559	5	17	1	0.1626
2560	5	12	1	0.0474
2561	5	19	1	0.3255
2562	5	8	1	0.3712
2563	5	21	0	0.3521
2564	4	9	1	0.0193
2565	4	2	0	0.1618
2566	5	18	0	0.0311
2567	6	25	0	0.2707
2568	5	23	0	0.2789
2569	5	13	1	0.3789
2570	5	17	0	0.0175
2571	5	21	0	0.1669
2572	5	17	2	0.5422
2573	5	7	1	0.3309
2574	5	10	1	0.4396
2575	5	30	1	0.0836
2576	5	40	0	0.0135
2577	5	6	0	0.4730
2578	5	14	0	0.0308
2579	5	8	2	0.3896
2580	6	12	0	0.3843
2581	5	7	1	0.1121
2582	5	19	0	0.1204
2583	5	12	0	0.0410
2584	6	23	0	0.2091
2585	5	12	0	0.1465
2586	5	10	1	0.1743
2587	5	26	1	0.1598
2588	50	1	0	0.5784
2589	6	12	0	0.1579
2590	5	12	2	0.5315
2591	5	11	0	0.0282
2592	5	13	0	0.1943
2593	5	19	0	0.0000
2594	5	10	2	0.4503
2595	5	17	0	0.0000
2596	5	18	0	0.1099
2597	5	5	1	0.4441
2598	5	15	0	0.0210
2599	5	13	1	0.3521
2600	5	15	0	0.3743
2601	5	13	0	0.0000
2602	4	4	0	0.2002
2603	5	4	0	0.5990
2604	5	9	2	0.4129
2605	5	23	0	0.1619
2606	5	20	2	0.3835
2607	50	2	1	0.5613
2608	5	14	1	0.0430
2609	6	15	0	0.4582
2610	5	9	0	0.1811
2611	50	0	0	NaN
2612	6	31	0	0.1476
2613	2	0	0	NaN
2614	5	11	1	0.4272
2615	5	10	1	0.4285
2616	5	10	0	0.1003
2617	5	23	0	0.0000
2618	4	2	1	0.0954
2619	5	17	1	0.0344
2620	5	1	0	0.0755
2621	5	13	0	0.2918
2622	5	10	0	0.1631
2623	5	13	0	0.0000
2624	5	16	0	0.0000
2625	6	21	0	0.1686
2626	5	3	0	0.2777
2627	5	22	0	0.0000
2628	5	6	1	0.4194
2629	5	13	1	0.3675
2630	5	20	1	0.3562
2631	5	6	1	0.4485
2632	5	15	1	0.3150
2633	6	22	0	0.3073
2634	50	13	0	0.4758
2635	8	3	2	0.1939
2636	5	16	0	0.2955
2637	5	14	0	0.0549
2638	6	4	1	0.4010
2639	4	9	1	0.5441
2640	6	32	0	0.1843
2641	5	9	1	0.5328
2642	5	9	1	0.4632
2643	5	9	1	0.4131
2644	50	0	0	0.0000
2645	5	8	1	0.4522
2646	5	11	0	0.0000
2647	50	2	2	0.4124
2648	5	19	0	0.0000
2649	6	23	0	0.2415
2650	5	20	0	0.1385
2651	5	1	2	0.3214
2652	5	27	0	0.0738
2653	5	20	0	0.1256
2654	5	17	0	0.0243
2655	5	21	0	0.2273
2656	5	12	1	0.3960
2657	5	13	1	0.4470
2658	5	16	1	0.2626
2659	5	14	0	0.0000
2660	5	20	0	0.0000
2661	5	27	0	0.1016
2662	5	14	0	0.0000
2663	5	14	0	0.3592
2664	5	12	1	0.4645
2665	5	22	0	0.2465
2666	5	14	0	0.0000
2667	5	10	1	0.5144
2668	5	13	1	0.2013
2669	4	9	1	0.3840
2670	5	17	1	0.3070
2671	6	6	1	0.5619
2672	5	21	0	0.1051
2673	6	11	1	0.4369
2674	6	16	1	0.3102
2675	50	2	1	0.3632
2676	4	5	0	0.3013
2677	5	10	1	0.4407
2678	5	7	0	0.3882
2679	6	10	2	0.4407
2680	6	16	1	0.3688
2681	5	18	0	0.0000
2682	5	8	0	0.0422
2683	5	7	2	0.0967
2684	5	21	0	0.2801
2685	5	13	0	0.4158
2686	5	15	2	0.3709
2687	5	22	0	0.0000
2688	4	5	1	0.0365
2689	5	20	1	0.2873
2690	5	25	0	0.0184
2691	5	15	0	0.0325
2692	5	8	1	0.3429
2693	5	24	1	0.3135
2694	5	13	2	0.5286
2695	50	5	0	0.5995
2696	5	23	0	0.2588
2697	5	5	0	0.3648
2698	5	10	1	0.4405
2699	5	18	1	0.4041
2700	5	11	1	0.5111
2701	5	23	0	0.2291
2702	50	2	0	0.4938
2703	5	10	0	0.0321
2704	5	7	0	0.0211
2705	6	3	0	0.0866
2706	10	5	0	0.1942
2707	6	6	0	0.1328
2708	5	18	1	0.3417
2709	5	14	0	0.1114
2710	5	10	1	0.5383
2711	5	15	0	0.3051
2712	5	14	0	0.0261
2713	5	14	0	0.0241
2714	5	6	2	0.3945
2715	5	10	0	0.2031
2716	5	12	2	0.3771
2717	5	3	0	0.2502
2718	4	8	1	0.3942
2719	5	11	0	0.0000
2720	5	6	0	0.1820
2721	6	9	2	0.4768
2722	5	13	0	0.0000
2723	5	10	1	0.0694
2724	5	11	1	0.5152
2725	5	5	0	0.2306
2726	7	6	1	0.2350
2727	6	19	0	0.1231
2728	5	12	2	0.4540
2729	5	14	0	0.2479
2730	5	12	0	0.2535
2731	5	14	0	0.0250
2732	5	24	1	0.1624
2733	6	8	0	0.2301
2734	5	15	0	0.0214
2735	5	13	1	0.3761
2736	5	6	1	0.4239
2737	5	4	2	0.3566
2738	5	18	0	0.0469
2739	6	23	0	0.1819
2740	5	14	0	0.0000
2741	50	13	0	0.5873
2742	5	10	1	0.4883
2743	5	9	1	0.5336
2744	5	15	1	0.4225
2745	5	14	1	0.4718
2746	5	28	0	0.3265
2747	5	9	1	0.3758
2748	5	17	2	0.3868
2749	5	27	0	0.0000
2750	5	6	1	0.3689
2751	5	21	0	0.2472
2752	6	9	0	0.3583
2753	5	10	0	0.0307
2754	6	16	0	0.0266
2755	5	20	0	0.0233
2756	50	0	0	0.4714
2757	6	18	1	0.3645
2758	4	5	1	0.5191
2759	5	11	0	0.0111
2760	5	10	0	0.2690
2761	5	26	0	0.0153
2762	6	5	0	0.4532
2763	5	2	1	0.1234
2764	6	38	0	0.1667
2765	5	13	1	0.5230
2766	5	10	1	0.5351
2767	5	7	0	0.3237
2768	6	13	1	0.4254
2769	5	14	1	0.4160
2770	5	13	0	0.0000
2771	5	14	0	0.3677
2772	7	1	2	0.5933
2773	5	4	0	0.0732
2774	50	1	1	NaN
2775	5	13	2	0.4526
2776	5	12	1	0.3671
2777	50	1	0	0.5370
2778	5	15	0	0.3161
2779	5	10	1	0.4839
2780	5	7	1	0.2993
2781	5	14	0	0.0000
2782	50	1	0	NaN
2783	5	5	0	0.3865
2784	5	15	1	0.3007
2785	5	9	0	0.3233
2786	6	16	0	0.3367
2787	5	8	0	0.0159
2788	5	9	0	0.1967
2789	6	9	1	0.3697
2790	5	16	1	0.0452
2791	5	16	0	0.0000
2792	5	13	0	0.3863
2793	5	17	0	0.0205
2794	5	3	1	0.2746
2795	5	23	0	0.2053
2796	5	16	0	0.0000
2797	5	7	3	0.4232
2798	5	18	0	0.0263
2799	50	2	0	0.6550
2800	5	17	0	0.0000
2801	5	9	0	0.0707
2802	5	15	1	0.3505
2803	6	22	0	0.2391
2804	50	1	0	0.3803
2805	5	9	0	0.4732
2806	5	12	0	0.0000
2807	6	13	0	0.2022
2808	5	18	0	0.0000
2809	5	19	0	0.1088
2810	5	16	1	0.4666
2811	5	8	0	0.0337
2812	6	11	1	0.4539
2813	5	16	1	0.4011
2814	6	9	0	0.4817
2815	6	10	0	0.0818
2816	7	11	0	0.4599
2817	5	23	0	0.2108
2818	5	17	1	0.4024
2819	6	11	1	0.4269
2820	5	8	0	0.0230
2821	5	25	0	0.0461
2822	5	18	1	0.4157
2823	50	1	0	0.8401
2824	5	40	0	0.2191
2825	5	13	1	0.5300
2826	5	4	0	0.0238
2827	5	27	0	0.0612
2828	5	10	0	0.0371
2829	5	13	0	0.0000
2830	5	14	1	0.3211
2831	6	28	0	0.3241
2832	5	11	1	0.2356
2833	5	13	1	0.4500
2834	5	24	1	0.3401
2835	5	25	0	0.2039
2836	5	12	2	0.5549
2837	5	23	0	0.1457
2838	5	17	0	0.2068
2839	5	13	0	0.0000
2840	5	13	0	0.0000
2841	6	6	1	0.5309
2842	5	19	0	0.0314
2843	5	7	2	0.4455
2844	5	13	0	0.0000
2845	5	18	1	0.2726
2846	6	8	1	0.4898
2847	5	28	0	0.1364
2848	5	19	0	0.0000
2849	5	18	0	0.0000
2850	4	5	0	0.3336
2851	5	14	0	0.0266
2852	5	17	0	0.0000
2853	6	14	0	0.2620
2854	5	16	0	0.2111
2855	5	19	0	0.0292
2856	5	17	0	0.1242
2857	5	17	0	0.2341
2858	5	34	0	0.0000
2859	5	11	1	0.4337
2860	5	15	1	0.2761
2861	5	16	0	0.0000
2862	5	13	1	0.0342
2863	5	11	1	0.2400
2864	5	15	0	0.0000
2865	6	12	1	0.4379
2866	5	10	1	0.3657
2867	50	1	1	0.4915
2868	4	0	2	0.5889
2869	5	16	0	0.1239
2870	5	9	0	0.3378
2871	5	25	0	0.2134
2872	5	8	0	0.0169
2873	5	19	0	0.0131
2874	5	15	1	0.4466
2875	50	4	1	0.6244
2876	5	20	0	0.2134
2877	5	16	1	0.4274
2878	2	1	2	NaN
2879	5	21	0	0.1057
2880	5	10	1	0.4618
2881	5	17	0	0.3554
2882	4	4	0	0.0000
2883	8	4	0	0.2810
2884	5	9	0	0.0283
2885	5	21	0	0.0000
2886	5	16	0	0.0000
2887	5	21	1	0.4294
2888	5	19	0	0.1852
2889	4	2	2	0.2915
2890	50	1	0	0.2242
2891	5	9	1	0.2774
2892	5	11	0	0.1792
2893	5	12	1	0.3974
2894	5	10	0	0.2667
2895	5	18	1	0.0266
2896	6	25	0	0.2210
2897	5	17	1	0.4138
2898	5	18	0	0.0000
2899	5	13	0	0.0000
2900	5	14	1	0.3781
2901	5	9	2	0.3926
2902	50	0	0	0.4714
2903	6	7	1	0.4733
2904	5	10	1	0.2811
2905	5	18	0	0.2515
2906	5	1	2	0.3908
2907	5	5	1	0.2518
2908	5	22	0	0.2139
2909	5	3	0	0.2929
2910	5	20	0	0.0000
2911	5	13	0	0.3515
2912	5	7	0	0.4635
2913	5	9	1	0.4457
2914	5	26	0	0.3339
2915	5	6	0	0.4707
2916	5	8	0	0.2319
2917	5	9	0	0.2945
2918	5	9	1	0.3840
2919	5	14	0	0.1970
2920	5	17	0	0.0088
2921	5	9	1	0.5814
2922	6	20	0	0.1900
2923	5	14	0	0.0000
2924	5	14	0	0.2662
2925	5	14	1	0.5945
2926	5	4	1	0.3189
2927	6	14	1	0.4742
2928	5	5	0	0.6157
2929	5	7	1	0.3608
2930	5	15	1	0.4705
2931	9	1	2	0.1716
2932	6	14	0	0.2759
2933	5	10	1	0.4734
2934	5	21	0	0.0113
2935	5	11	1	0.5154
2936	5	5	1	0.1831
2937	5	1	3	0.3935
2938	5	17	1	0.3607
2939	6	9	1	0.4888
2940	6	3	0	0.1841
2941	5	12	0	0.0189
2942	5	8	0	0.3628
2943	5	14	1	0.3649
2944	5	9	0	0.0541
2945	5	39	0	0.0000
2946	5	9	0	0.3899
2947	5	9	1	0.4390
2948	5	26	0	0.0883
2949	5	13	1	0.3111
2950	5	13	1	0.3409
2951	6	14	2	0.5243
2952	5	22	1	0.4507
2953	5	21	0	0.1847
2954	5	23	0	0.1158
2955	5	5	1	0.4521
2956	5	23	0	0.2402
2957	6	9	1	0.4362
2958	5	8	0	0.3109
2959	5	15	0	0.1217
2960	5	18	0	0.0000
2961	5	0	2	0.5549
2962	4	11	1	0.2759
2963	5	7	0	0.0178
2964	5	11	0	0.1874
2965	6	9	1	0.5006
2966	5	24	0	0.1941
2967	5	12	0	0.0000
2968	5	7	1	0.4561
2969	5	9	1	0.5859
2970	5	4	0	0.1466
2971	5	20	0	0.0000
2972	5	15	0	0.1960
2973	5	15	0	0.0515
2974	5	10	1	0.5059
2975	5	28	0	0.1551
2976	5	16	0	0.1194
2977	5	16	0	0.1398
2978	5	14	0	0.1188
2979	6	19	0	0.3024
2980	5	14	0	0.3169
2981	5	21	0	0.1851
2982	5	1	1	0.0384
2983	5	16	0	0.2629
2984	5	22	0	0.0214
2985	5	18	0	0.0000
2986	6	12	1	0.4429
2987	5	21	0	0.0000
2988	5	19	1	0.4791
2989	5	22	0	0.2185
2990	5	18	0	0.0168
2991	5	13	0	0.0000
2992	5	13	0	0.0317
2993	5	13	1	0.1298
2994	6	12	0	0.4286
2995	5	19	0	0.2805
2996	5	9	0	0.1572
2997	5	10	1	0.3757
2998	5	8	1	0.5290
2999	5	14	1	0.4903
3000	5	7	1	0.5612
3001	6	6	0	0.5239
3002	5	6	0	0.0581
3003	5	15	0	0.2638
3004	5	12	1	0.4277
3005	5	16	1	0.4390
3006	5	19	0	0.1927
3007	5	12	2	0.3977
3008	5	15	0	0.1725
3009	6	8	1	0.4528
3010	5	11	0	0.3415
3011	4	3	0	0.0785
3012	5	4	1	0.2943
3013	5	15	1	0.4316
3014	5	7	0	0.3020
3015	6	16	1	0.5334
3016	5	14	0	0.0000
3017	5	2	0	0.0385
3018	5	6	0	0.0259
3019	4	5	0	0.2311
3020	5	25	0	0.0283
3021	5	13	2	0.3910
3022	6	10	0	0.4024
3023	6	10	1	0.5045
3024	5	16	0	0.0000
3025	5	3	0	0.4761
3026	5	11	0	0.0865
3027	50	0	0	NaN
3028	50	1	0	NaN
3029	5	22	0	0.0000
3030	5	14	1	0.2995
3031	50	5	1	0.3553
3032	4	4	0	0.4555
3033	5	10	0	0.0890
3034	5	7	0	0.0544
3035	5	28	0	0.0000
3036	5	13	0	0.2999
3037	4	10	2	0.6433
3038	50	0	0	NaN
3039	5	11	1	0.0634
3040	5	21	0	0.0000
3041	5	15	1	0.3180
3042	5	8	0	0.4128
3043	5	8	0	0.2465
3044	5	19	0	0.1558
3045	5	11	0	0.1039
3046	6	9	1	0.4403
3047	5	20	0	0.0000
3048	5	13	1	0.4623
3049	5	10	0	0.2279
3050	5	11	0	0.2524
3051	5	15	0	0.0487
3052	6	24	0	0.2008
3053	5	27	0	0.0000
3054	5	16	0	0.2353
3055	5	15	1	0.3493
3056	5	30	0	0.0803
3057	5	15	0	0.0000
3058	5	14	0	0.2763
3059	5	18	0	0.0213
3060	5	12	1	0.3425
3061	5	19	0	0.0000
3062	5	23	0	0.0000
3063	6	9	0	0.3266
3064	5	27	0	0.0156
3065	5	25	0	0.0192
3066	6	7	0	0.3712
3067	5	5	1	0.3146
3068	5	12	1	0.3584
3069	6	13	1	0.4816
3070	5	9	0	0.2949
3071	5	13	0	0.2468
3072	5	14	1	0.4661
3073	6	3	1	0.1647
3074	5	10	1	0.2616
3075	5	6	1	0.6080
3076	5	11	1	0.4079
3077	8	5	0	0.5545
3078	5	19	0	0.0000
3079	5	24	0	0.1293
3080	5	10	0	0.0145
3081	5	18	0	0.0936
3082	5	13	0	0.2612
3083	5	10	0	0.2237
3084	5	9	1	0.3975
3085	6	15	0	0.2461
3086	50	1	1	NaN
3087	5	7	1	0.5863
3088	5	17	0	0.0000
3089	5	17	0	0.0325
3090	5	18	0	0.1439
3091	5	16	1	0.4673
3092	5	12	2	0.3383
3093	5	8	0	0.4476
3094	5	17	1	0.2720
3095	5	9	0	0.3435
3096	6	24	0	0.3775
3097	4	1	0	0.4880
3098	6	5	1	0.2061
3099	6	13	1	0.4782
3100	5	12	0	0.2389
3101	5	18	0	0.0415
3102	5	21	1	0.0214
3103	5	7	0	0.2299
3104	5	21	0	0.0000
3105	5	20	1	0.2633
3106	4	3	0	0.0899
3107	5	12	0	0.3746
3108	5	6	1	0.2805
3109	5	20	1	0.3392
3110	5	15	1	0.3654
3111	6	11	0	0.3678
3112	5	16	0	0.3123
3113	5	12	0	0.0730
3114	5	26	0	0.0218
3115	5	21	1	0.3971
3116	5	8	0	0.2536
3117	5	9	2	0.4623
3118	5	9	1	0.4462
3119	5	19	0	0.0000
3120	4	3	0	0.0000
3121	5	7	1	0.1488
3122	8	10	1	0.4989
3123	5	5	0	0.3772
3124	5	3	0	0.2596
3125	5	9	0	0.4246
3126	5	10	1	0.2919
3127	6	8	1	0.3706
3128	5	21	1	0.0286
3129	6	6	0	0.3614
3130	6	10	0	0.3581
3131	5	27	0	0.0188
3132	5	13	0	0.1936
3133	6	9	0	0.3168
3134	5	12	0	0.2586
3135	5	6	1	0.1228
3136	5	10	1	0.3692
3137	6	17	0	0.2363
3138	5	12	1	0.4296
3139	5	39	0	0.0000
3140	5	21	0	0.0000
3141	4	3	0	0.0000
3142	5	8	1	0.5951
3143	5	14	1	0.3415
3144	5	15	0	0.0000
3145	5	7	0	0.0978
3146	5	22	0	0.3274
3147	8	2	0	0.3199
3148	5	11	2	0.4248
3149	5	7	1	0.5647
3150	5	15	0	0.0000
3151	5	10	1	0.0869
3152	5	9	0	0.0204
3153	5	11	2	0.4099
3154	5	6	1	0.4734
3155	5	6	0	0.5841
3156	5	10	0	0.0321
3157	5	15	0	0.0000
3158	5	18	0	0.0761
3159	5	13	0	0.0000
3160	5	10	0	0.0195
3161	5	11	0	0.4290
3162	4	6	2	0.1118
3163	5	11	2	0.5558
3164	5	20	0	0.0000
3165	6	31	0	0.1297
3166	5	13	1	0.3111
3167	5	11	1	0.4324
3168	5	6	0	0.5408
3169	5	16	0	0.0000
3170	5	6	0	0.4662
3171	5	6	0	0.2176
3172	5	6	2	0.4488
3173	5	9	2	0.4264
3174	5	14	0	0.0130
3175	50	5	1	0.2278
3176	5	9	1	0.2760
3177	5	18	0	0.0000
3178	5	24	1	0.3224
3179	5	15	0	0.0184
3180	5	14	0	0.3959
3181	5	7	0	0.3958
3182	50	1	1	NaN
3183	5	15	0	0.2237
3184	5	21	1	0.0513
3185	5	19	0	0.0382
3186	5	10	0	0.2435
3187	6	7	1	0.4356
3188	5	17	0	0.3628
3189	5	10	1	0.4387
3190	5	20	0	0.0000
3191	5	17	0	0.0816
3192	5	8	1	0.4053
3193	5	11	1	0.4364
3194	5	10	0	0.0000
3195	5	8	2	0.5471
3196	5	16	0	0.0000
3197	6	20	0	0.3130
3198	6	31	0	0.2207
3199	5	8	0	0.4502
3200	5	9	1	0.5359
3201	5	27	0	0.0533
3202	5	14	0	0.3929
3203	5	9	2	0.4508
3204	9	5	1	0.4228
3205	6	14	0	0.2378
3206	5	16	0	0.0400
3207	5	17	0	0.0000
3208	6	11	1	0.4405
3209	5	15	0	0.0000
3210	6	3	2	0.2494
3211	5	6	2	0.2707
3212	5	9	0	0.0000
3213	5	14	1	0.5073
3214	6	12	2	0.2841
3215	50	1	0	0.3346
3216	5	21	0	0.0000
3217	5	8	1	0.4246
3218	5	21	0	0.0572
3219	6	12	0	0.1810
3220	5	12	1	0.1049
3221	5	18	0	0.0417
3222	5	12	1	0.4161
3223	5	30	0	0.2572
3224	5	16	0	0.1687
3225	5	14	0	0.0000
3226	5	6	0	0.0311
3227	5	19	0	0.0000
3228	5	16	1	0.3131
3229	5	19	1	0.2130
3230	5	13	0	0.0000
3231	5	10	2	0.5357
3232	5	11	0	0.0369
3233	5	17	1	0.2906
3234	5	13	1	0.4157
3235	5	9	1	0.3244
3236	9	10	0	0.3185
3237	5	14	0	0.1520
3238	5	14	1	0.5235
3239	5	14	0	0.0000
3240	5	15	1	0.2789
3241	5	10	0	0.0429
3242	5	7	0	0.2146
3243	5	20	0	0.1030
3244	5	3	1	0.2102
3245	5	9	1	0.3963
3246	5	18	0	0.1420
3247	5	10	0	0.1914
3248	5	5	1	0.2704
3249	5	9	1	0.4514
3250	4	7	2	0.3314
3251	5	18	0	0.0000
3252	6	16	2	0.4802
3253	5	18	1	0.4358
3254	5	17	0	0.1047
3255	5	10	0	0.2146
3256	5	3	0	0.0000
3257	5	6	1	0.2809
3258	5	17	1	0.5246
3259	5	12	1	0.4858
3260	5	18	0	0.0425
3261	5	19	1	0.3942
3262	5	20	2	0.4363
3263	5	17	0	0.1999
3264	5	10	0	0.3688
3265	5	24	0	0.2446
3266	5	15	1	0.2480
3267	5	9	1	0.5194
3268	5	10	1	0.4515
3269	5	17	0	0.0322
3270	5	19	0	0.0000
3271	5	5	1	0.3028
3272	6	7	0	0.1173
3273	5	14	1	0.4182
3274	5	23	0	0.0000
3275	5	4	0	0.2730
3276	5	12	0	0.1711
3277	5	11	2	0.3982
3278	6	11	0	0.3539
3279	50	2	0	0.7465
3280	5	1	1	0.1566
3281	5	12	1	0.2499
3282	5	12	0	0.2986
3283	5	10	2	0.4704
3284	5	10	0	0.2512
3285	5	26	0	0.3423
3286	4	9	1	0.4044
3287	5	21	0	0.0000
3288	5	9	1	0.2109
3289	5	11	2	0.4996
3290	5	10	1	0.4184
3291	5	14	2	0.2878
3292	6	18	0	0.1668
3293	50	1	0	0.6175
3294	5	11	0	0.2045
3295	5	12	0	0.3452
3296	5	10	0	0.2779
3297	4	5	0	0.0000
3298	5	17	0	0.0245
3299	5	0	2	0.4714
3300	5	8	0	0.4600
3301	5	2	2	0.4399
3302	5	11	0	0.3018
3303	5	15	0	0.0322
3304	5	20	0	0.2503
3305	6	9	1	0.4014
3306	5	17	1	0.4283
3307	5	6	0	0.2301
3308	5	20	0	0.2150
3309	5	16	1	0.5403
3310	5	6	0	0.0256
3311	5	9	1	0.5336
3312	5	17	1	0.4132
3313	6	2	2	0.4519
3314	5	13	1	0.4255
3315	5	20	0	0.2225
3316	6	23	0	0.3783
3317	5	17	1	0.0390
3318	5	32	0	0.0000
3319	5	10	1	0.2960
3320	5	4	1	0.2603
3321	5	13	2	0.2721
3322	5	13	1	0.4815
3323	5	21	0	0.0480
3324	5	4	1	0.5478
3325	5	12	0	0.3104
3326	5	22	0	0.1233
3327	5	19	0	0.1444
3328	5	24	0	0.0312
3329	5	7	0	0.3907
3330	5	7	1	0.5757
3331	4	6	1	0.3306
3332	6	21	0	0.2372
3333	5	26	0	0.1183
3334	5	10	0	0.1047
3335	5	19	1	0.0702
3336	5	14	0	0.0364
3337	5	10	0	0.3513
3338	5	26	0	0.0000
3339	5	20	1	0.4047
3340	4	3	1	0.1604
3341	4	2	0	0.6098
3342	5	3	1	0.2796
3343	5	15	0	0.0000
3344	7	7	0	0.5858
3345	5	7	1	0.3586
3346	5	29	0	0.0767
3347	6	15	0	0.2135
3348	5	14	1	0.4503
3349	6	32	0	0.1515
3350	6	10	1	0.4764
3351	5	25	1	0.0886
3352	5	15	0	0.0691
3353	5	20	0	0.2467
3354	5	16	0	0.1816
3355	50	7	0	0.3600
3356	6	8	2	0.1834
3357	5	10	0	0.2744
3358	50	1	0	0.3339
3359	5	20	0	0.0000
3360	5	14	0	0.3485
3361	5	5	1	0.4077
3362	5	10	2	0.4927
3363	5	20	1	0.3493
3364	5	14	0	0.0000
3365	5	14	0	0.0585
3366	5	16	0	0.0258
3367	8	8	0	0.5305
3368	5	16	1	0.4141
3369	5	16	0	0.0000
3370	5	25	0	0.0186
3371	5	12	0	0.0768
3372	5	20	0	0.0000
3373	5	17	0	0.0000
3374	5	11	1	0.2762
3375	7	6	0	0.5075
3376	5	11	0	0.4535
3377	5	18	0	0.0000
3378	8	10	1	0.4584
3379	5	12	0	0.0448
3380	5	9	2	0.4170
3381	5	18	0	0.0615
3382	5	3	2	0.5437
3383	6	13	1	0.4598
3384	5	15	0	0.0000
3385	5	19	1	0.3203
3386	5	15	0	0.2131
3387	6	2	0	0.1675
3388	5	13	1	0.3579
3389	6	28	1	0.2211
3390	5	10	1	0.4485
3391	5	23	0	0.0000
3392	5	22	0	0.0000
3393	5	3	3	0.2204
3394	5	10	1	0.5041
3395	5	9	0	0.2612
3396	5	18	1	0.2384
3397	5	7	1	0.2965
3398	5	20	0	0.0213
3399	5	10	0	0.4093
3400	5	16	2	0.4300
3401	5	4	1	0.1763
3402	5	11	1	0.5365
3403	5	11	0	0.0227
3404	5	10	0	0.1111
3405	5	32	0	0.2326
3406	6	2	2	0.2148
3407	5	17	0	0.0000
3408	5	16	0	0.1490
3409	5	15	0	0.0000
3410	6	1	1	0.0923
3411	5	8	0	0.2639
3412	15	0	1	NaN
3413	50	0	0	0.6354
3414	5	15	0	0.0000
3415	5	28	0	0.0368
3416	5	15	0	0.0000
3417	5	11	0	0.1441
3418	5	24	1	0.0228
3419	5	5	0	0.5173
3420	5	17	0	0.0000
3421	5	11	0	0.0622
3422	2	1	2	0.0751
3423	5	18	0	0.0000
3424	5	2	0	0.2058
3425	5	18	0	0.2347
3426	5	19	0	0.1326
3427	50	1	0	0.5455
3428	50	6	0	0.5531
3429	5	10	0	0.0458
3430	5	15	1	0.3109
3431	5	16	0	0.1899
3432	6	12	1	0.5359
3433	5	8	0	0.1660
3434	5	7	1	0.5187
3435	6	5	0	0.2902
3436	5	15	0	0.1138
3437	5	18	0	0.0000
3438	5	7	1	0.3251
3439	5	13	0	0.3031
3440	5	5	1	0.3048
3441	5	15	0	0.0000
3442	5	11	0	0.1960
3443	6	11	1	0.4240
3444	5	9	0	0.0000
3445	50	8	0	0.5424
3446	5	17	0	0.0676
3447	6	13	0	0.3555
3448	5	4	0	0.1096
3449	5	0	2	0.5677
3450	5	0	1	NaN
3451	5	21	0	0.2843
3452	5	2	0	0.1510
3453	5	12	0	0.3055
3454	5	1	1	0.2963
3455	6	20	0	0.1562
3456	5	17	0	0.0000
3457	5	17	0	0.0000
3458	5	4	0	0.0238
3459	5	11	0	0.0000
3460	5	23	0	0.2129
3461	50	0	0	0.1841
3462	5	17	0	0.2139
3463	5	9	0	0.2640
3464	6	18	1	0.4583
3465	5	2	1	0.3728
3466	6	28	0	0.1781
3467	6	27	0	0.2709
3468	6	12	0	0.4606
3469	5	28	0	0.2429
3470	6	10	1	0.5183
3471	5	6	2	0.4565
3472	5	24	1	0.2800
3473	5	32	0	0.2764
3474	5	11	0	0.2522
3475	4	6	1	0.0346
3476	5	12	0	0.3276
3477	17	6	0	0.5808
3478	5	9	1	0.3508
3479	5	9	1	0.3998
3480	5	12	2	0.5383
3481	5	31	0	0.0000
3482	5	10	0	0.3832
3483	5	3	0	0.3444
3484	5	11	0	0.1409
3485	5	16	0	0.0000
3486	6	4	3	0.1542
3487	5	4	0	0.2650
3488	5	6	0	0.3858
3489	5	11	0	0.3800
3490	5	12	0	0.2929
3491	6	11	0	0.2232
3492	5	4	1	0.5087
3493	5	6	1	0.6434
3494	5	19	1	0.3002
3495	4	5	2	0.3399
3496	5	22	0	0.2233
3497	5	8	0	0.2192
3498	5	7	0	0.4221
3499	12	12	1	0.3595
3500	5	16	0	0.0323
3501	5	31	0	0.1947
3502	5	11	0	0.0452
3503	5	20	0	0.1214
3504	5	16	2	0.4603
3505	5	11	0	0.0000
3506	5	17	0	0.0000
3507	5	13	0	0.0000
3508	5	21	0	0.0000
3509	5	26	0	0.2120
3510	5	17	1	0.2920
3511	5	19	0	0.0000
3512	5	14	0	0.0345
3513	5	9	0	0.2566
3514	6	13	0	0.1697
3515	6	32	0	0.1515
3516	6	7	1	0.5649
3517	5	14	0	0.0215
3518	5	27	0	0.0476
3519	5	7	0	0.3372
3520	5	14	1	0.4617
3521	5	12	1	0.4666
3522	5	10	1	0.4704
3523	5	11	1	0.2689
3524	6	13	1	0.4349
3525	5	11	0	0.0111
3526	5	16	0	0.0000
3527	5	22	0	0.3669
3528	9	6	0	0.5101
3529	5	11	0	0.2550
3530	5	4	0	0.3305
3531	50	6	1	0.4105
3532	5	14	0	0.0000
3533	5	15	1	0.0396
3534	5	13	1	0.1720
3535	5	20	2	0.3086
3536	5	29	0	0.2059
3537	6	9	1	0.3906
3538	5	9	0	0.1926
3539	5	10	2	0.4999
3540	5	13	0	0.1277
3541	5	20	0	0.2788
3542	5	11	1	0.4215
3543	6	3	1	0.3346
3544	6	12	1	0.5502
3545	5	23	0	0.2871
3546	5	3	1	0.2928
3547	5	14	2	0.4461
3548	5	23	0	0.0300
3549	6	18	0	0.1141
3550	5	11	1	0.3703
3551	5	12	1	0.3396
3552	5	16	0	0.0308
3553	5	17	0	0.0216
3554	5	9	0	0.0132
3555	5	11	0	0.0000
3556	5	13	1	0.3491
3557	5	16	0	0.0000
3558	5	9	0	0.2933
3559	5	14	0	0.0000
3560	5	12	1	0.4488
3561	5	10	0	0.0810
3562	5	14	0	0.2005
3563	5	14	0	0.2199
3564	6	4	1	0.2300
3565	5	15	0	0.4046
3566	5	9	1	0.4226
3567	5	18	1	0.1322
3568	6	20	0	0.2284
3569	5	18	0	0.0000
3570	5	19	0	0.0657
3571	6	13	1	0.4973
3572	5	9	1	0.5319
3573	5	14	0	0.0000
3574	7	9	1	0.5204
3575	5	11	0	0.4682
3576	5	10	0	0.0204
3577	5	12	1	0.4582
3578	5	7	1	0.5628
3579	5	9	2	0.4755
3580	5	10	0	0.0571
3581	5	9	0	0.0181
3582	6	7	0	0.3888
3583	6	4	0	0.1378
3584	6	14	0	0.4750
3585	5	10	0	0.0237
3586	5	13	2	0.4851
3587	6	7	0	0.3348
3588	5	24	0	0.0000
3589	5	34	0	0.0000
3590	5	10	0	0.2920
3591	5	9	1	0.2687
3592	5	9	0	0.0000
3593	6	7	0	0.4201
3594	5	18	0	0.0000
3595	5	11	1	0.4671
3596	50	0	0	NaN
3597	5	12	1	0.2292
3598	5	10	1	0.0512
3599	5	10	1	0.5870
3600	5	7	2	0.6000
3601	5	13	0	0.0000
3602	5	15	1	0.5078
3603	5	9	2	0.4362
3604	5	20	1	0.2962
3605	5	1	0	0.0632
3606	5	22	2	0.3411
3607	5	26	1	0.2529
3608	5	20	0	0.0110
3609	5	17	0	0.0000
3610	5	14	0	0.2382
3611	5	14	0	0.0872
3612	5	10	1	0.4697
3613	5	23	0	0.2536
3614	5	25	0	0.0687
3615	6	23	0	0.1167
3616	5	8	0	0.1572
3617	6	12	1	0.3693
3618	50	2	0	0.6509
3619	5	19	0	0.0000
3620	5	18	0	0.0000
3621	5	4	0	0.0381
3622	5	14	1	0.3789
3623	5	11	1	0.3416
3624	50	0	0	0.4714
3625	5	6	1	0.4880
3626	5	11	1	0.3228
3627	4	5	0	0.0178
3628	5	11	0	0.0000
3629	5	14	0	0.0000
3630	5	15	0	0.0183
3631	4	4	0	0.2155
3632	5	12	0	0.3793
3633	5	16	0	0.0326
3634	5	8	0	0.4170
3635	5	20	0	0.0120
3636	5	16	0	0.0390
3637	5	20	1	0.3317
3638	5	13	0	0.3455
3639	5	12	2	0.4397
3640	5	10	1	0.4181
3641	4	7	1	0.4223
3642	5	11	1	0.4215
3643	6	1	0	0.2462
3644	6	20	0	0.2826
3645	5	10	2	0.5155
3646	5	18	1	0.2240
3647	5	3	0	0.1110
3648	5	11	0	0.2189
3649	5	10	1	0.5261
3650	5	16	0	0.0760
3651	5	9	1	0.2797
3652	5	17	0	0.2561
3653	5	15	0	0.0000
3654	5	4	1	0.4214
3655	5	14	0	0.0171
3656	5	14	0	0.1310
3657	5	20	1	0.4533
3658	5	24	0	0.0212
3659	5	9	0	0.5070
3660	5	19	0	0.0826
3661	5	11	0	0.0238
3662	5	11	0	0.1938
3663	5	8	0	0.2259
3664	5	12	0	0.1458
3665	5	9	0	0.0124
3666	5	15	1	0.3944
3667	6	10	1	0.4045
3668	50	3	1	0.4606
3669	4	16	1	0.0275
3670	5	10	0	0.4358
3671	5	10	1	0.3977
3672	50	1	2	NaN
3673	5	13	0	0.3912
3674	50	0	0	0.7071
3675	6	18	0	0.1973
3676	5	12	0	0.0427
3677	5	13	0	0.0753
3678	5	17	0	0.0215
3679	5	5	0	0.2696
3680	5	22	0	0.0000
3681	5	14	0	0.0000
3682	6	10	0	0.3013
3683	5	6	0	0.0346
3684	5	13	1	0.3245
3685	5	12	0	0.3121
3686	5	7	0	0.2840
3687	5	15	1	0.3197
3688	5	15	0	0.0515
3689	5	11	2	0.5239
3690	5	13	0	0.0000
3691	5	13	1	0.4009
3692	6	20	0	0.2841
3693	5	22	0	0.0000
3694	4	1	1	0.3726
3695	5	2	0	0.6011
3696	50	0	0	NaN
3697	5	13	0	0.0000
3698	5	10	1	0.3836
3699	5	15	0	0.0218
3700	6	7	1	0.3893
3701	5	8	0	0.1188
3702	5	21	0	0.1961
3703	5	1	0	0.0407
3704	5	11	1	0.3324
3705	5	9	2	0.5644
3706	5	9	0	0.2674
3707	5	9	0	0.1513
3708	6	24	0	0.4217
3709	50	9	0	0.5093
3710	5	7	1	0.3203
3711	5	5	1	0.3195
3712	5	17	0	0.0000
3713	5	13	0	0.1478
3714	6	5	0	0.2819
3715	5	30	0	0.2063
3716	5	23	1	0.3860
3717	5	4	1	0.4714
3718	6	10	1	0.4851
3719	5	4	0	0.4990
3720	5	14	1	0.4991
3721	5	5	0	0.3457
3722	5	18	0	0.0446
3723	5	13	1	0.5244
3724	5	12	1	0.3539
3725	5	17	0	0.0000
3726	5	14	1	0.3055
3727	5	17	0	0.0171
3728	5	5	0	0.2049
3729	5	10	0	0.2521
3730	5	26	0	0.3038
3731	6	10	1	0.5332
3732	5	8	0	0.2163
3733	5	17	1	0.0219
3734	5	8	1	0.4827
3735	5	12	1	0.4216
3736	5	16	0	0.0000
3737	6	31	0	0.2900
3738	5	30	0	0.0000
3739	6	13	1	0.3888
3740	5	17	1	0.2229
3741	5	15	2	0.3506
3742	5	11	0	0.3302
3743	5	7	0	0.4643
3744	5	15	1	0.3096
3745	25	9	0	0.5627
3746	5	5	0	0.4820
3747	5	13	0	0.0273
3748	5	11	0	0.0925
3749	5	13	2	0.5110
3750	5	14	1	0.5522
3751	5	19	1	0.4549
3752	5	18	0	0.1891
3753	6	10	2	0.4366
3754	4	1	0	0.0703
3755	5	9	1	0.2923
3756	6	16	0	0.3367
3757	5	11	1	0.3438
3758	5	8	0	0.3173
3759	5	6	0	0.3751
3760	4	5	0	0.0299
3761	5	24	0	0.0000
3762	5	14	0	0.0000
3763	5	18	0	0.1495
3764	5	33	0	0.0248
3765	5	9	1	0.1042
3766	5	11	0	0.0310
3767	5	13	1	0.4074
3768	5	13	2	0.4815
3769	4	11	1	0.3302
3770	5	8	1	0.3977
3771	5	16	0	0.1050
3772	5	9	0	0.2102
3773	4	1	0	0.1039
3774	5	4	0	0.1110
3775	5	11	1	0.0713
3776	6	11	1	0.4671
3777	5	10	0	0.1230
3778	5	18	0	0.2871
3779	5	6	2	0.2707
3780	5	18	0	0.0000
3781	5	22	0	0.0000
3782	5	12	1	0.1435
3783	5	11	1	0.5299
3784	5	23	0	0.3025
3785	5	6	0	0.4849
3786	5	4	1	0.4621
3787	5	13	0	0.0000
3788	5	4	0	0.1085
3789	5	28	0	0.0151
3790	5	11	0	0.0486
3791	6	32	0	0.2823
3792	5	17	1	0.2809
3793	50	2	1	0.5437
3794	6	23	0	0.2237
3795	5	14	2	0.4436
3796	5	11	0	0.4684
3797	5	26	0	0.0280
3798	5	10	0	0.0000
3799	7	6	0	0.1564
3800	50	13	0	0.6418
3801	6	6	0	0.5154
3802	5	16	1	0.4184
3803	6	15	1	0.3192
3804	5	12	0	0.0000
3805	6	26	0	0.1957
3806	5	10	2	0.4034
3807	5	10	1	0.4875
3808	5	18	0	0.1357
3809	5	9	0	0.3843
3810	5	10	2	0.4465
3811	5	32	0	0.2378
3812	5	8	2	0.4306
3813	5	7	1	0.4696
3814	5	22	0	0.1710
3815	6	8	0	0.3141
3816	5	17	1	0.2775
3817	5	17	0	0.0519
3818	6	5	1	0.1774
3819	5	8	0	0.3677
3820	6	33	0	0.0286
3821	5	27	0	0.2299
3822	5	19	2	0.2572
3823	5	29	0	0.2655
3824	5	10	2	0.4283
3825	7	10	1	0.5059
3826	5	10	2	0.2803
3827	5	15	0	0.0000
3828	6	2	2	0.4497
3829	5	12	0	0.0000
3830	5	25	0	0.0000
3831	5	20	0	0.0000
3832	5	10	0	0.1976
3833	6	3	1	0.1648
3834	5	13	0	0.0000
3835	5	21	0	0.0900
3836	6	7	1	0.4182
3837	4	2	2	0.0573
3838	6	6	0	0.2131
3839	5	3	1	0.3426
3840	5	16	0	0.0000
3841	5	14	1	0.4109
3842	5	6	1	0.3883
3843	5	15	0	0.0520
3844	5	4	0	0.3738
3845	5	11	1	0.5395
3846	5	24	0	0.0000
3847	5	8	1	0.2869
3848	5	27	0	0.0000
3849	6	12	1	0.5515
3850	4	2	0	0.2525
3851	5	11	0	0.1874
3852	6	10	2	0.4130
3853	5	17	1	0.3041
3854	10	11	0	0.5966
3855	5	7	1	0.3746
3856	5	4	0	0.3537
3857	5	18	0	0.0000
3858	5	1	1	0.4675
3859	6	8	0	0.1535
3860	5	25	0	0.1357
3861	5	11	0	0.0000
3862	5	22	0	0.0000
3863	50	3	2	0.1333
3864	5	18	0	0.3210
3865	5	15	0	0.0000
3866	5	22	0	0.0252
3867	5	15	0	0.0097
3868	5	12	1	0.5220
3869	5	9	2	0.5605
3870	5	8	1	0.4504
3871	5	14	0	0.1679
3872	5	18	0	0.3024
3873	5	6	0	0.0921
3874	5	7	1	0.3718
3875	6	11	0	0.3398
3876	5	12	1	0.0788
3877	5	23	0	0.0000
3878	6	8	0	0.5140
3879	6	20	0	0.1235
3880	50	2	1	0.4695
3881	5	16	0	0.0161
3882	5	10	0	0.0597
3883	6	24	0	0.1694
3884	5	37	0	0.0275
3885	5	12	1	0.3602
3886	5	13	0	0.1858
3887	5	29	0	0.2357
3888	5	33	0	0.1991
3889	5	10	0	0.0466
3890	5	8	1	0.2204
3891	6	8	2	0.3559
3892	5	17	0	0.0413
3893	50	7	0	0.4271
3894	6	14	0	0.2684
3895	5	14	0	0.0000
3896	5	7	0	0.0836
3897	5	28	0	0.0000
3898	6	12	0	0.4587
3899	5	11	1	0.4568
3900	6	14	2	0.5153
3901	5	29	0	0.0000
3902	5	8	1	0.4481
3903	5	8	0	0.0166
3904	5	19	0	0.1331
3905	5	13	1	0.3091
3906	6	17	1	0.4352
3907	5	12	1	0.3832
3908	5	6	1	0.4135
3909	50	4	0	0.4890
3910	5	17	1	0.3462
3911	5	15	0	0.0000
3912	5	26	0	0.0132
3913	5	10	1	0.3734
3914	5	13	0	0.0000
3915	5	19	0	0.3157
3916	5	15	0	0.0000
3917	6	24	0	0.1897
3918	5	11	0	0.1877
3919	5	12	0	0.3587
3920	5	3	0	0.2237
3921	5	17	0	0.2353
3922	6	14	1	0.4301
3923	5	11	0	0.2038
3924	5	15	0	0.3753
3925	50	1	0	0.5017
3926	5	11	1	0.5442
3927	5	8	2	0.4760
3928	6	9	1	0.5613
3929	5	10	1	0.5354
3930	6	10	1	0.2552
3931	5	19	1	0.2557
3932	5	9	0	0.3207
3933	50	0	1	0.0754
3934	5	9	1	0.3048
3935	5	12	1	0.3672
3936	6	2	3	0.1239
3937	5	20	1	0.2649
3938	5	13	1	0.5396
3939	50	4	1	0.5213
3940	5	11	0	0.2541
3941	6	15	0	0.4081
3942	5	5	0	0.2687
3943	5	8	0	0.0000
3944	5	11	1	0.2378
3945	5	20	0	0.1401
3946	5	14	1	0.4468
3947	5	4	0	0.0421
3948	5	14	0	0.0405
3949	5	16	0	0.0000
3950	5	18	1	0.3563
3951	6	8	0	0.1963
3952	5	12	0	0.0000
3953	5	9	1	0.4508
3954	5	11	0	0.1654
3955	5	18	1	0.3420
3956	5	20	0	0.0000
3957	6	20	1	0.3887
3958	5	15	0	0.0622
3959	4	7	1	0.4864
3960	5	17	0	0.1894
3961	5	18	0	0.2205
3962	5	9	0	0.0307
3963	5	18	0	0.2417
3964	6	20	0	0.2694
3965	5	23	0	0.0100
3966	5	12	0	0.0000
3967	6	11	1	0.3258
3968	5	10	1	0.4876
3969	6	6	1	0.4112
3970	5	19	0	0.0000
3971	5	19	1	0.4579
3972	4	8	0	0.0000
3973	5	17	0	0.0000
3974	6	11	0	0.5052
3975	5	14	0	0.0389
3976	5	12	0	0.3284
3977	4	5	2	0.0464
3978	7	6	0	0.3070
3979	5	12	0	0.3083
3980	6	9	1	0.5146
3981	5	17	0	0.0000
3982	5	12	1	0.2793
3983	6	25	0	0.1450
3984	50	2	2	0.3729
3985	5	17	1	0.3674
3986	4	10	1	0.3316
3987	6	20	0	0.1878
3988	5	8	0	0.1637
3989	5	13	0	0.0210
3990	6	9	1	0.4228
3991	5	15	0	0.0217
3992	6	12	1	0.4455
3993	5	14	1	0.4736
3994	5	17	1	0.3237
3995	6	2	1	0.1051
3996	50	1	0	0.3404
3997	6	14	0	0.2355
3998	5	8	0	0.3598
3999	6	15	0	0.3603
4000	5	15	1	0.3891
4001	5	15	0	0.1802
4002	5	10	0	0.5049
4003	5	6	0	0.1921
4004	5	42	0	0.0000
4005	5	11	1	0.4051
4006	5	8	0	0.4214
4007	6	5	0	0.2304
4008	5	4	0	0.1702
4009	6	4	0	0.4129
4010	6	5	1	0.4633
4011	6	19	0	0.2940
4012	5	3	0	0.0622
4013	5	11	0	0.1985
4014	5	25	0	0.0606
4015	5	7	1	0.5053
4016	5	15	0	0.0190
4017	6	15	0	0.2346
4018	6	12	0	0.2720
4019	5	6	1	0.3780
4020	5	21	1	0.3311
4021	5	3	0	0.1475
4022	7	3	1	0.1519
4023	5	8	1	0.5269
4024	50	2	0	0.4041
4025	5	13	2	0.5054
4026	5	3	0	0.2683
4027	50	0	0	0.0589
4028	5	28	0	0.2599
4029	5	11	1	0.4216
4030	5	8	1	0.3231
4031	5	10	0	0.0157
4032	5	19	0	0.0225
4033	5	15	1	0.0467
4034	5	14	1	0.3066
4035	6	6	1	0.3662
4036	6	10	0	0.3901
4037	5	19	0	0.0000
4038	6	24	0	0.1689
4039	5	10	2	0.4086
4040	5	6	1	0.2088
4041	5	19	0	0.0529
4042	5	30	0	0.2064
4043	50	4	0	0.5104
4044	5	20	0	0.0884
4045	5	10	1	0.4166
4046	5	18	1	0.0752
4047	5	27	0	0.0132
4048	5	20	0	0.0000
4049	5	10	0	0.0117
4050	6	7	0	0.4232
4051	5	5	1	0.1936
4052	5	2	0	0.1084
4053	5	10	0	0.1339
4054	5	10	0	0.1751
4055	50	6	0	0.7001
4056	4	4	0	0.3869
4057	5	11	0	0.0608
4058	5	14	0	0.1896
4059	5	10	0	0.0299
4060	5	22	0	0.2452
4061	5	13	0	0.3091
4062	5	11	0	0.1864
4063	5	22	0	0.0217
4064	5	12	1	0.0289
4065	5	20	1	0.2716
4066	5	18	0	0.3083
4067	5	9	0	0.3389
4068	6	2	0	0.2075
4069	5	7	1	0.4985
4070	5	14	1	0.2922
4071	5	16	0	0.0000
4072	5	21	0	0.0000
4073	5	16	1	0.4572
4074	5	12	0	0.1915
4075	5	19	0	0.1442
4076	5	20	0	0.2075
4077	5	25	0	0.0606
4078	5	2	0	0.1975
4079	5	6	0	0.4792
4080	5	18	1	0.4105
4081	5	8	1	0.3251
4082	5	22	0	0.0198
4083	6	9	2	0.3902
4084	5	13	0	0.0888
4085	5	10	1	0.5575
4086	5	25	0	0.0000
4087	5	20	1	0.2718
4088	4	7	1	0.0610
4089	4	2	0	0.1651
4090	4	12	1	0.3011
4091	5	15	0	0.1961
4092	5	11	0	0.1819
4093	5	34	0	0.0555
4094	5	18	0	0.0255
4095	5	15	0	0.0235
4096	5	21	0	0.0000
4097	6	14	0	0.2888
4098	7	6	0	0.3168
4099	5	14	0	0.1935
4100	5	18	0	0.0837
4101	5	27	1	0.0459
4102	5	42	0	0.2174
4103	5	16	1	0.3887
4104	5	15	1	0.1513
4105	5	27	0	0.0295
4106	50	1	1	0.4112
4107	5	0	2	0.4644
4108	5	17	1	0.2997
4109	6	22	0	0.2852
4110	5	19	0	0.0612
4111	6	18	0	0.0778
4112	5	6	0	0.2197
4113	5	6	0	0.4368
4114	5	19	0	0.2622
4115	5	12	0	0.3981
4116	5	13	0	0.0000
4117	5	23	0	0.0128
4118	4	7	0	0.0101
4119	5	16	0	0.0000
4120	5	15	0	0.4979
4121	5	14	0	0.0000
4122	5	17	0	0.0000
4123	6	6	0	0.3161
4124	5	17	0	0.2395
4125	5	5	2	0.4038
4126	5	28	0	0.1203
4127	6	15	1	0.3626
4128	6	13	0	0.3103
4129	5	14	0	0.0000
4130	5	15	1	0.3005
4131	5	15	2	0.1304
4132	5	18	0	0.2918
4133	10	4	0	0.0518
4134	5	9	1	0.4313
4135	4	7	1	0.5691
4136	5	18	0	0.2112
4137	5	12	2	0.4258
4138	5	10	0	0.0593
4139	6	17	0	0.4178
4140	5	26	0	0.0270
4141	5	12	0	0.0000
4142	5	9	0	0.0222
4143	5	18	1	0.4442
4144	50	2	0	0.2495
4145	5	11	0	0.2733
4146	5	3	1	0.3415
4147	5	12	0	0.0667
4148	5	9	0	0.1919
4149	50	1	0	0.4731
4150	6	4	2	0.4725
4151	4	8	2	0.6033
4152	5	11	0	0.0704
4153	4	8	0	0.0000
4154	5	4	0	0.4990
4155	5	25	0	0.0166
4156	5	19	1	0.4632
4157	5	7	0	0.1587
4158	5	11	0	0.1766
4159	5	0	3	0.1032
4160	5	24	0	0.2937
4161	5	13	2	0.4404
4162	6	22	1	0.0694
4163	6	17	0	0.1839
4164	5	18	1	0.0387
4165	5	19	0	0.0286
4166	5	8	1	0.4799
4167	5	10	1	0.4087
4168	5	18	0	0.0559
4169	5	9	0	0.4579
4170	5	25	0	0.0000
4171	50	0	0	NaN
4172	5	8	0	0.0346
4173	6	10	1	0.4292
4174	5	3	1	0.1490
4175	50	1	0	0.3129
4176	5	6	1	0.3744
4177	6	23	0	0.1416
4178	5	13	0	0.0000
4179	5	13	1	0.3754
4180	5	38	0	0.2003
4181	6	24	0	0.3735
4182	5	13	1	0.3929
4183	6	8	0	0.4510
4184	5	39	0	0.1566
4185	5	7	0	0.0439
4186	5	20	0	0.2357
4187	5	9	1	0.3699
4188	50	0	1	NaN
4189	5	25	0	0.0851
4190	5	20	0	0.0267
4191	5	15	1	0.2412
4192	6	13	0	0.3223
4193	5	12	0	0.0199
4194	50	0	0	0.0589
4195	5	11	1	0.2732
4196	5	12	0	0.0262
4197	5	17	0	0.3536
4198	5	19	0	0.0349
4199	8	9	0	0.5251
4200	5	44	0	0.0000
4201	5	8	0	0.0684
4202	5	6	1	0.3244
4203	8	6	1	0.2367
4204	5	17	1	0.2906
4205	6	31	0	0.1486
4206	6	28	0	0.1739
4207	5	17	0	0.0000
4208	6	6	0	0.2932
4209	5	13	0	0.2510
4210	7	13	2	0.5323
4211	5	12	0	0.0875
4212	5	18	1	0.2146
4213	5	6	1	0.3580
4214	5	4	0	0.2082
4215	5	20	0	0.2963
4216	5	15	0	0.2368
4217	5	9	0	0.2302
4218	5	14	1	0.3066
4219	6	7	0	0.1725
4220	5	9	1	0.5893
4221	5	12	0	0.2078
4222	5	8	0	0.5292
4223	5	5	0	0.2034
4224	5	10	0	0.2515
4225	4	3	1	0.2154
4226	5	18	0	0.0152
4227	5	5	1	0.4834
4228	5	13	0	0.0000
4229	5	40	0	0.2191
4230	6	34	0	0.1189
4231	5	16	0	0.0000
4232	5	12	0	0.0278
4233	50	1	0	0.2387
4234	4	1	2	0.3911
4235	5	10	1	0.3714
4236	5	17	0	0.0243
4237	5	19	1	0.4433
4238	5	17	0	0.0451
4239	6	36	0	0.1454
4240	6	20	1	0.4512
4241	5	14	0	0.0163
4242	6	1	2	0.1414
4243	5	25	0	0.0526
4244	5	17	0	0.0318
4245	5	19	0	0.0000
4246	5	17	1	0.3277
4247	17	1	1	0.4633
4248	5	18	1	0.2650
4249	5	17	0	0.3118
4250	5	12	1	0.4108
4251	5	22	0	0.2508
4252	6	14	0	0.3809
4253	5	12	1	0.4742
4254	5	21	0	0.0483
4255	5	9	2	0.4999
4256	4	7	1	0.1229
4257	6	6	1	0.5804
4258	5	16	0	0.0000
4259	50	1	0	NaN
4260	5	15	1	0.3221
4261	5	7	1	0.1832
4262	6	6	1	0.5219
4263	5	22	0	0.0000
4264	5	8	2	0.3385
4265	6	26	0	0.2146
4266	6	15	1	0.4344
4267	5	13	0	0.0300
4268	5	13	1	0.3202
4269	5	15	1	0.2681
4270	4	1	0	0.1017
4271	5	14	0	0.0182
4272	5	8	0	0.0000
4273	5	9	1	0.3448
4274	6	26	0	0.1320
4275	50	3	1	0.4403
4276	5	15	0	0.3142
4277	5	18	0	0.1872
4278	5	20	0	0.0000
4279	5	6	1	0.0994
4280	5	10	0	0.0366
4281	5	6	1	0.2753
4282	5	13	1	0.4006
4283	50	0	0	0.4714
4284	5	9	0	0.0000
4285	5	21	0	0.0000
4286	50	0	0	0.7071
4287	5	16	0	0.3129
4288	5	19	0	0.0000
4289	50	1	0	0.6395
4290	5	37	0	0.0000
4291	6	10	1	0.5018
4292	5	9	0	0.4772
4293	5	10	0	0.0294
4294	5	21	0	0.0000
4295	4	8	1	0.4872
4296	5	35	0	0.0000
4297	5	21	1	0.3610
4298	7	8	0	0.3328
4299	5	13	0	0.2095
4300	5	17	0	0.2440
4301	50	8	0	0.5781
4302	5	11	0	0.4177
4303	5	14	3	0.4897
4304	5	22	0	0.0000
4305	6	19	0	0.2268
4306	6	6	1	0.0800
4307	5	16	0	0.0000
4308	6	6	0	0.0946
4309	5	16	0	0.3714
4310	5	14	0	0.0000
4311	5	20	0	0.0267
4312	50	2	1	0.5613
4313	5	23	0	0.2486
4314	5	9	0	0.0118
4315	5	16	0	0.1509
4316	5	13	0	0.0000
4317	5	17	0	0.0000
4318	5	14	0	0.0000
4319	5	12	1	0.4828
4320	6	13	1	0.3386
4321	5	23	0	0.0240
4322	50	0	0	0.4714
4323	6	27	0	0.1622
4324	5	14	0	0.0180
4325	5	5	0	0.0576
4326	5	19	1	0.0257
4327	5	11	0	0.0000
4328	5	19	0	0.2931
4329	5	7	2	0.4311
4330	4	7	1	0.4051
4331	5	13	0	0.0000
4332	5	9	1	0.3577
4333	5	13	0	0.2283
4334	5	27	0	0.0000
4335	5	3	1	0.4336
4336	5	7	0	0.0392
4337	5	17	0	0.3501
4338	5	21	0	0.0000
4339	5	11	1	0.5698
4340	5	11	1	0.4991
4341	5	21	0	0.1711
4342	5	10	0	0.0233
4343	5	18	1	0.0231
4344	6	6	2	0.4350
4345	50	10	0	0.6276
4346	6	8	1	0.5368
4347	6	8	1	0.4693
4348	50	3	1	0.4494
4349	5	18	1	0.3187
4350	50	1	0	0.7709
4351	5	12	2	0.4426
4352	5	9	0	0.2419
4353	5	13	0	0.2773
4354	5	9	1	0.4307
4355	2	3	2	0.1447
4356	5	15	2	0.4212
4357	5	7	0	0.0000
4358	5	21	0	0.0000
4359	5	14	1	0.5383
4360	5	13	0	0.1999
4361	5	9	1	0.1095
4362	5	31	0	0.1389
4363	5	15	0	0.2907
4364	5	12	1	0.3661
4365	5	3	0	0.1086
4366	5	12	0	0.3365
4367	5	14	0	0.3522
4368	5	18	0	0.0000
4369	5	50	0	0.0154
4370	5	6	1	0.2753
4371	5	7	0	0.0299
4372	5	21	1	0.0526
4373	50	0	0	0.1164
4374	5	10	1	0.3688
4375	5	16	0	0.0308
4376	5	19	1	0.2380
4377	6	7	0	0.5655
4378	5	16	2	0.5123
4379	5	14	0	0.0000
4380	5	13	1	0.3022
4381	50	2	0	0.2184
4382	5	8	2	0.4313
4383	5	21	0	0.0134
4384	5	12	1	0.5640
4385	5	9	2	0.3263
4386	5	12	1	0.5068
4387	5	10	1	0.4164
4388	5	6	1	0.5116
4389	5	9	1	0.3102
4390	5	18	1	0.2802
4391	5	12	0	0.2627
4392	5	18	0	0.1961
4393	6	20	0	0.3800
4394	6	1	0	0.1258
4395	5	22	0	0.0252
4396	5	5	1	0.4515
4397	5	17	0	0.2511
4398	5	7	0	0.3407
4399	6	6	1	0.1885
4400	5	8	1	0.4997
4401	5	9	2	0.4362
4402	50	3	1	0.5030
4403	5	22	0	0.0181
4404	5	16	0	0.1056
4405	5	14	0	0.2527
4406	5	15	0	0.0000
4407	5	14	1	0.2590
4408	5	13	1	0.2845
4409	5	11	1	0.4120
4410	5	16	0	0.0000
4411	5	9	0	0.2337
4412	5	4	0	0.0628
4413	50	1	0	0.4284
4414	5	17	0	0.2622
4415	5	22	0	0.0293
4416	6	15	0	0.2333
4417	6	12	1	0.4665
4418	6	12	0	0.1851
4419	6	22	0	0.3835
4420	4	7	0	0.4726
4421	5	13	2	0.4568
4422	50	5	1	0.4600
4423	5	16	0	0.0000
4424	5	25	0	0.2298
4425	5	8	0	0.0000
4426	4	9	1	0.2978
4427	6	15	1	0.3602
4428	5	13	0	0.4429
4429	4	1	0	0.1017
4430	5	7	0	0.1491
4431	5	3	0	0.2852
4432	7	18	0	0.2562
4433	4	4	1	0.3289
4434	5	16	1	0.2060
4435	50	1	0	0.5392
4436	5	8	1	0.5407
4437	4	3	0	0.0834
4438	5	6	0	0.3644
4439	5	11	2	0.1092
4440	6	10	1	0.5129
4441	5	25	0	0.2100
4442	6	7	1	0.5212
4443	5	2	2	0.2533
4444	5	15	0	0.4261
4445	50	4	1	0.6244
4446	15	10	0	0.4739
4447	5	28	0	0.2198
4448	5	6	1	0.3233
4449	5	14	1	0.2677
4450	5	9	0	0.2799
4451	5	10	1	0.4098
4452	5	11	1	0.4960
4453	5	21	0	0.1231
4454	5	24	1	0.2373
4455	5	2	1	0.4888
4456	4	10	2	0.3306
4457	4	6	1	0.1575
4458	5	6	0	0.4285
4459	50	0	0	0.4714
4460	5	10	1	0.0275
4461	5	15	1	0.4266
4462	5	13	0	0.0247
4463	5	11	1	0.4600
4464	4	7	2	0.3129
4465	5	17	1	0.1917
4466	5	16	1	0.2926
4467	5	19	0	0.0137
4468	5	12	0	0.0000
4469	5	27	0	0.0138
4470	5	16	1	0.2079
4471	20	11	0	0.4721
4472	4	7	1	0.4301
4473	5	16	0	0.0175
4474	50	5	0	0.4247
4475	5	3	0	0.4125
4476	5	8	0	0.5148
4477	5	14	1	0.2641
4478	6	6	0	0.2586
4479	5	11	1	0.5606
4480	5	21	1	0.3859
4481	5	7	0	0.2332
4482	5	11	0	0.2548
4483	5	19	0	0.0124
4484	5	4	0	0.5688
4485	5	12	0	0.3911
4486	5	19	0	0.0000
4487	5	11	1	0.5719
4488	5	23	0	0.2444
4489	5	15	1	0.3384
4490	5	11	0	0.0577
4491	6	23	0	0.2003
4492	5	17	0	0.0000
4493	5	18	0	0.0000
4494	6	9	1	0.3906
4495	2	2	0	0.1748
4496	5	9	0	0.2572
4497	4	0	1	0.0000
4498	5	15	0	0.0289
4499	5	13	0	0.1032
4500	50	0	0	0.4643
4501	6	5	1	0.4325
4502	5	11	0	0.4136
4503	6	9	1	0.4185
4504	5	28	0	0.0202
4505	5	7	0	0.0530
4506	5	13	0	0.0000
4507	5	23	0	0.1915
4508	6	9	1	0.3760
4509	6	14	0	0.2154
4510	5	16	1	0.3637
4511	4	2	1	0.0655
4512	5	8	1	0.5407
4513	5	29	0	0.0197
4514	5	8	0	0.2531
4515	5	13	2	0.4420
4516	5	22	0	0.1764
4517	5	15	0	0.2444
4518	5	16	0	0.0000
4519	5	12	0	0.0581
4520	5	25	0	0.2113
4521	5	10	1	0.3409
4522	5	15	0	0.2845
4523	5	6	2	0.2560
4524	5	16	0	0.0000
4525	5	5	2	0.3702
4526	5	6	1	0.3537
4527	5	18	0	0.0274
4528	5	27	0	0.0000
4529	5	18	1	0.3680
4530	5	6	1	0.2512
4531	5	9	2	0.4677
4532	5	9	0	0.2095
4533	5	7	1	0.4729
4534	5	20	0	0.0000
4535	4	4	2	0.3508
4536	5	17	1	0.3705
4537	5	5	1	0.5790
4538	5	17	0	0.0000
4539	6	18	1	0.3467
4540	5	17	0	0.1662
4541	6	15	1	0.3061
4542	5	9	0	0.0495
4543	5	11	1	0.3385
4544	7	10	1	0.3979
4545	6	2	1	0.4005
4546	5	20	0	0.3269
4547	5	4	0	0.1007
4548	5	36	0	0.1682
4549	5	10	2	0.5744
4550	5	10	1	0.4490
4551	5	11	2	0.4427
4552	5	8	1	0.1933
4553	5	23	0	0.0592
4554	50	6	0	0.4068
4555	5	17	1	0.4241
4556	5	19	0	0.3086
4557	50	1	1	NaN
4558	6	27	0	0.2386
4559	5	15	0	0.0000
4560	6	15	0	0.5425
4561	5	15	0	0.0267
4562	5	9	0	0.4087
4563	5	18	0	0.2360
4564	4	9	1	0.3840
4565	5	22	0	0.1852
4566	5	5	0	0.1010
4567	5	17	0	0.2293
4568	5	17	0	0.1804
4569	5	14	0	0.2432
4570	5	23	1	0.0404
4571	4	0	6	0.4879
4572	5	23	0	0.2237
4573	5	12	1	0.4064
4574	5	7	1	0.3418
4575	6	1	2	0.6247
4576	5	13	0	0.2205
4577	4	2	2	0.3775
4578	5	8	1	0.2498
4579	5	23	1	0.0907
4580	5	8	0	0.4916
4581	50	2	2	0.4982
4582	5	17	0	0.1310
4583	6	13	0	0.4481
4584	6	8	1	0.2499
4585	50	2	2	0.3600
4586	5	6	0	0.3020
4587	5	20	0	0.0858
4588	5	8	0	0.1229
4589	6	6	1	0.3608
4590	5	23	0	0.0450
4591	8	11	0	0.6260
4592	5	14	1	0.4178
4593	5	35	0	0.0000
4594	5	9	1	0.3631
4595	5	17	0	0.0000
4596	5	10	1	0.4383
4597	6	10	0	0.2288
4598	5	15	0	0.1080
4599	5	24	0	0.2698
4600	5	13	1	0.4597
4601	4	1	1	0.1129
4602	5	9	0	0.1797
4603	5	23	0	0.0000
4604	5	15	0	0.0000
4605	6	13	1	0.4042
4606	5	15	1	0.0399
4607	5	15	1	0.3750
4608	5	16	1	0.5083
4609	5	2	1	0.1676
4610	5	13	0	0.2242
4611	6	20	0	0.1295
4612	5	7	0	0.0438
4613	5	8	0	0.0000
4614	50	1	1	0.3124
4615	5	11	0	0.1831
4616	5	12	1	0.2766
4617	5	13	0	0.0000
4618	5	7	0	0.2859
4619	4	3	0	0.2436
4620	5	17	0	0.0205
4621	5	26	0	0.0165
4622	5	7	1	0.0835
4623	5	33	0	0.0000
4624	5	12	1	0.4988
4625	5	7	0	0.0134
4626	5	11	1	0.4450
4627	5	12	0	0.0000
4628	5	13	0	0.0000
4629	5	13	1	0.4678
4630	5	18	0	0.0000
4631	5	16	1	0.2963
4632	5	10	1	0.4043
4633	6	13	0	0.4393
4634	7	6	2	0.4255
4635	5	10	1	0.4150
4636	5	9	0	0.4732
4637	5	15	0	0.3491
4638	5	20	1	0.2041
4639	5	10	0	0.0673
4640	5	20	0	0.0000
4641	6	10	1	0.5117
4642	6	2	0	0.1655
4643	5	10	1	0.3765
4644	5	13	0	0.2888
4645	5	9	1	0.5434
4646	5	12	0	0.0000
4647	5	14	0	0.0274
4648	6	14	0	0.1542
4649	5	13	0	0.0000
4650	5	11	0	0.3306
4651	6	10	0	0.2690
4652	5	20	1	0.0338
4653	5	11	1	0.3756
4654	6	8	0	0.4241
4655	5	21	0	0.0135
4656	5	8	0	0.3033
4657	5	16	0	0.0751
4658	5	11	0	0.0094
4659	15	7	0	0.3454
4660	5	16	0	0.0000
4661	6	18	0	0.2037
4662	5	16	0	0.0000
4663	5	17	0	0.0000
4664	5	24	0	0.0174
4665	5	0	2	0.5822
4666	5	4	0	0.0959
4667	5	12	1	0.5166
4668	6	11	0	0.3364
4669	5	14	0	0.0000
4670	5	17	0	0.0000
4671	5	16	0	0.2609
4672	5	15	0	0.0203
4673	5	9	0	0.2570
4674	6	27	0	0.2355
4675	5	12	0	0.0229
4676	5	19	0	0.0000
4677	5	12	0	0.2161
4678	5	36	0	0.0193
4679	5	24	0	0.0000
4680	5	16	0	0.1574
4681	5	31	0	0.1095
4682	5	16	1	0.2348
4683	5	22	0	0.0865
4684	6	5	1	0.2942
4685	5	28	0	0.0299
4686	5	11	1	0.4626
4687	5	13	1	0.4111
4688	5	12	2	0.3493
4689	6	21	1	0.2966
4690	50	2	0	0.4204
4691	5	19	0	0.2498
4692	5	15	0	0.0490
4693	5	9	2	0.5644
4694	5	21	0	0.0000
4695	5	32	0	0.0410
4696	5	10	0	0.0128
4697	5	14	0	0.3759
4698	6	19	0	0.2976
4699	5	27	1	0.3190
4700	5	10	0	0.0000
4701	4	1	0	0.0000
4702	5	17	0	0.1847
4703	5	11	1	0.0502
4704	5	13	0	0.0232
4705	5	11	1	0.3615
4706	5	7	1	0.1291
4707	50	4	3	0.5109
4708	5	9	1	0.1239
4709	5	19	0	0.0000
4710	5	15	0	0.0602
4711	6	18	0	0.2128
4712	5	42	0	0.1606
4713	5	14	1	0.4600
4714	5	20	0	0.0457
4715	5	17	1	0.3126
4716	5	11	1	0.0800
4717	5	12	0	0.0000
4718	5	22	1	0.2510
4719	6	15	1	0.3886
4720	6	20	0	0.3058
4721	50	3	0	0.3253
4722	5	12	2	0.5103
4723	50	0	0	0.7071
4724	5	9	0	0.0396
4725	5	12	1	0.4705
4726	5	23	0	0.0000
4727	12	3	0	0.3468
4728	2	1	4	0.1161
4729	5	6	0	0.1875
4730	5	14	0	0.0727
4731	5	7	0	0.4643
4732	5	22	0	0.3219
4733	5	0	3	NaN
4734	5	9	0	0.0162
4735	5	21	0	0.1218
4736	5	9	0	0.2538
4737	5	17	2	0.3942
4738	5	8	1	0.4268
4739	5	3	0	0.3137
4740	5	12	0	0.0367
4741	4	1	0	0.0000
4742	6	12	0	0.2402
4743	5	4	0	0.2556
4744	5	13	1	0.2210
4745	5	11	1	0.0379
4746	5	15	0	0.1283
4747	6	19	0	0.3425
4748	5	16	1	0.3122
4749	5	15	1	0.2922
4750	6	12	0	0.1999
4751	6	11	1	0.4405
4752	5	17	0	0.3087
4753	5	6	1	0.3666
4754	5	9	1	0.5164
4755	5	13	1	0.2536
4756	6	25	1	0.3758
4757	5	14	1	0.4533
4758	6	18	1	0.3993
4759	5	13	0	0.0000
4760	5	14	0	0.0145
4761	5	12	0	0.0253
4762	5	13	0	0.1271
4763	5	10	0	0.2338
4764	5	13	0	0.2825
4765	5	4	0	0.0673
4766	5	13	0	0.0189
4767	5	5	0	0.1298
4768	5	11	1	0.2259
4769	5	14	1	0.3789
4770	5	7	0	0.0664
4771	50	1	0	0.5904
4772	6	6	0	0.4627
4773	5	27	0	0.1991
4774	5	25	1	0.0834
4775	5	14	1	0.5314
4776	5	7	0	0.0000
4777	5	23	0	0.2932
4778	5	8	0	0.2521
4779	5	16	0	0.0271
4780	5	8	0	0.4429
4781	5	16	0	0.0246
4782	5	8	0	0.1878
4783	5	18	0	0.0000
4784	5	22	0	0.0000
4785	5	4	0	0.1776
4786	5	18	0	0.1075
4787	5	8	0	0.0000
4788	5	6	1	0.4436
4789	4	2	0	0.0597
4790	5	1	0	0.1634
4791	5	10	1	0.1075
4792	5	17	0	0.0000
4793	5	20	0	0.0000
4794	6	15	1	0.5159
4795	5	12	1	0.4696
4796	5	14	0	0.0000
4797	5	17	0	0.2365
4798	5	20	1	0.3621
4799	5	20	1	0.4177
4800	5	16	1	0.3852
4801	9	3	1	0.2881
4802	5	5	1	0.5403
4803	5	17	0	0.1701
4804	4	8	1	0.4834
4805	5	16	1	0.3740
4806	5	10	0	0.3271
4807	5	20	0	0.2499
4808	4	8	1	0.3852
4809	5	26	0	0.0180
4810	5	20	0	0.1817
4811	5	7	1	0.3944
4812	5	14	1	0.4053
4813	3	0	3	NaN
4814	5	21	0	0.2286
4815	6	3	0	0.4086
4816	5	15	0	0.0000
4817	5	15	2	0.3947
4818	5	12	0	0.2535
4819	5	26	0	0.1187
4820	5	13	0	0.0000
4821	6	5	1	0.5061
4822	5	18	0	0.0128
4823	5	15	0	0.0000
4824	5	12	0	0.0529
4825	5	23	0	0.0330
4826	5	16	0	0.0235
4827	4	7	1	0.2332
4828	5	24	0	0.2812
4829	5	12	0	0.3985
4830	5	17	1	0.3444
4831	5	15	0	0.0480
4832	5	3	1	0.3415
4833	5	16	0	0.0000
4834	5	14	1	0.2742
4835	5	13	0	0.3347
4836	5	17	1	0.3971
4837	5	27	0	0.0169
4838	5	9	1	0.4917
4839	5	23	1	0.3477
4840	5	14	0	0.2828
4841	5	2	0	0.4670
4842	5	2	0	0.5512
4843	5	19	0	0.0000
4844	50	6	1	0.4091
4845	12	11	1	0.4394
4846	5	8	0	0.0310
4847	5	4	0	0.1769
4848	5	17	0	0.0000
4849	5	7	1	0.3389
4850	10	2	0	0.0904
4851	50	6	1	0.4876
4852	5	11	0	0.2319
4853	8	10	0	0.4917
4854	5	14	0	0.0000
4855	5	6	1	0.4358
4856	5	14	0	0.3090
4857	7	2	0	0.3960
4858	6	12	2	0.4795
4859	5	24	0	0.2456
4860	5	17	0	0.0000
4861	5	16	0	0.1611
4862	5	17	1	0.1616
4863	5	5	1	0.5243
4864	4	7	0	0.0684
4865	5	8	2	0.4184
4866	5	36	0	0.2336
4867	5	14	1	0.3012
4868	5	17	1	0.4096
4869	5	14	0	0.3329
4870	5	14	1	0.0738
4871	5	16	0	0.0287
4872	5	18	0	0.0000
4873	5	10	0	0.1264
4874	5	11	1	0.4401
4875	5	23	0	0.0242
4876	5	16	0	0.4314
4877	5	9	2	0.3926
4878	6	4	0	0.2409
4879	6	11	0	0.2271
4880	5	27	0	0.0000
4881	6	13	0	0.2327
4882	5	12	1	0.2887
4883	5	9	0	0.0916
4884	5	12	0	0.2739
4885	5	17	0	0.0206
4886	5	12	1	0.3697
4887	5	13	1	0.3382
4888	4	1	0	0.1228
4889	5	22	1	0.4224
4890	5	18	0	0.0000
4891	5	13	0	0.0550
4892	5	15	0	0.0000
4893	5	19	0	0.3297
4894	5	7	1	0.5484
4895	5	16	0	0.0000
4896	5	12	0	0.0257
4897	4	2	0	0.1579
4898	5	14	0	0.2501
4899	6	2	0	0.0572
4900	5	21	0	0.3406
4901	6	16	0	0.2874
4902	5	10	1	0.3682
4903	8	10	1	0.4539
4904	50	0	0	NaN
4905	5	19	0	0.3822
4906	6	8	1	0.2660
4907	5	12	0	0.0000
4908	6	11	1	0.5333
4909	5	4	1	0.3377
4910	5	16	0	0.2901
4911	5	18	0	0.2361
4912	5	26	0	0.0296
4913	5	12	1	0.0919
4914	5	12	2	0.4165
4915	5	12	0	0.0503
4916	6	33	0	0.2763
4917	5	8	2	0.4100
4918	5	12	0	0.0000
4919	5	3	0	0.0000
4920	5	3	1	0.2751
4921	5	11	0	0.0477
4922	5	12	2	0.3706
4923	5	16	0	0.3202
4924	5	7	1	0.4241
4925	5	6	1	0.5351
4926	6	4	2	0.0899
4927	6	21	0	0.0000
4928	5	1	4	0.3020
4929	7	7	1	0.4330
4930	7	9	1	0.5648
4931	5	27	0	0.0585
4932	6	24	0	0.1804
4933	5	18	0	0.1962
4934	5	16	0	0.0000
4935	5	6	1	0.2463
4936	4	3	1	0.3732
4937	5	10	0	0.4606
4938	5	25	1	0.2998
4939	5	24	0	0.1774
4940	5	24	0	0.0854
4941	6	8	1	0.4754
4942	50	2	1	0.4699
4943	5	7	2	0.3890
4944	5	14	0	0.0290
4945	5	20	0	0.0000
4946	6	15	1	0.5159
4947	5	6	1	0.2095
4948	5	12	1	0.3570
4949	4	3	1	0.2298
4950	9	0	2	NaN
4951	5	9	0	0.4382
4952	50	2	1	0.1412
4953	5	27	0	0.0413
4954	5	20	2	0.4327
4955	6	14	0	0.1439
4956	5	8	0	0.0169
4957	5	14	2	0.4215
4958	5	14	0	0.0000
4959	5	10	0	0.0000
4960	6	25	0	0.3329
4961	5	10	1	0.4115
4962	5	20	1	0.0602
4963	4	4	0	0.1847
4964	5	19	0	0.0000
4965	6	13	1	0.4345
4966	5	12	0	0.0270
4967	50	0	1	NaN
4968	6	6	0	0.0935
4969	5	10	0	0.1929
4970	5	15	0	0.0000
4971	5	16	0	0.0523
4972	5	17	0	0.0277
4973	5	36	0	0.1682
4974	5	14	2	0.4030
4975	5	11	0	0.1965
4976	4	7	1	0.1220
4977	6	4	0	0.1741
4978	5	5	0	0.1173
4979	5	15	0	0.0000
4980	5	28	0	0.1815
4981	5	12	1	0.4217
4982	8	3	3	0.1796
4983	5	3	0	0.0723
4984	5	6	5	0.2354
4985	5	12	0	0.1938
4986	5	10	1	0.2221
4987	6	9	0	0.5326
4988	5	16	1	0.4510
4989	5	23	0	0.0427
4990	5	15	0	0.0505
4991	5	16	0	0.3111
4992	5	13	0	0.0205
4993	5	23	0	0.1435
4994	5	14	0	0.2583
4995	5	7	0	0.0238
4996	5	11	0	0.1766
4997	5	20	0	0.1620
4998	5	8	1	0.0288
4999	5	8	1	0.3870
5000	5	10	0	0.0845
