sim	per	nosc	ntonic	NED
1	2	0	0	0.0000
2	50	0	0	0.4714
3	50	0	3	0.6848
4	6	2	1	0.0476
5	5	4	1	0.0637
6	6	0	5	0.6055
7	50	0	1	NaN
8	50	0	4	0.5466
9	4	3	2	0.0520
10	50	0	1	NaN
11	6	2	1	0.0754
12	4	0	3	0.2236
13	4	0	4	NaN
14	50	0	2	0.6276
15	50	4	2	0.2217
16	12	0	1	0.4872
17	4	2	1	0.0539
18	5	2	9	0.1875
19	5	11	0	0.2240
20	4	8	0	0.0872
21	4	16	0	0.0000
22	4	14	1	0.0219
23	4	3	3	0.2303
24	4	16	0	0.0000
25	4	14	1	0.0694
26	5	20	1	0.1840
27	4	18	1	0.0159
28	4	14	0	0.0611
29	4	20	0	0.0000
30	4	18	0	0.0000
31	4	4	1	0.0788
32	4	19	1	0.0064
33	4	19	0	0.0000
34	4	21	0	0.0536
35	4	23	0	0.0335
36	4	25	0	0.0000
37	4	22	0	0.0214
38	4	23	0	0.0000
39	4	23	0	0.1843
40	4	29	1	0.0147
41	2	0	3	0.7071
42	8	8	3	0.1640
43	50	0	1	NaN
44	2	0	0	0.0000
45	4	0	2	0.4805
46	50	0	6	NaN
47	5	3	0	0.1514
48	4	1	1	0.0578
49	6	2	1	0.1736
50	5	9	0	0.0000
51	5	6	1	0.1050
52	5	3	3	0.0619
53	5	17	1	0.0400
54	50	0	1	NaN
55	5	10	2	0.2465
56	50	1	2	0.5240
57	4	18	1	0.2136
58	4	5	2	0.3340
59	5	23	0	0.1820
60	5	9	1	0.4145
61	5	18	0	0.2413
62	5	1	4	0.4686
63	4	11	0	0.0000
64	5	16	0	0.1337
65	4	21	0	0.0236
66	4	4	2	0.2322
67	5	29	0	0.2268
68	5	9	2	0.2795
69	5	18	1	0.2075
70	4	29	0	0.0000
71	4	22	0	0.0000
72	5	27	0	0.2836
73	5	31	0	0.0606
74	4	29	0	0.0130
75	4	30	0	0.0000
76	4	26	0	0.0000
77	4	27	0	0.0000
78	4	25	0	0.1892
79	4	28	0	0.0184
80	4	28	0	0.0000
81	6	3	0	0.0000
82	7	6	0	0.1257
83	6	6	1	0.3510
84	6	3	1	0.1284
85	2	0	0	0.0000
86	6	4	1	0.2301
87	5	0	1	0.3191
88	5	1	2	0.2801
89	5	14	1	0.0228
90	5	11	1	0.4906
91	5	15	0	0.0160
92	4	7	4	0.1838
93	5	2	1	0.2259
94	5	5	0	0.1206
95	5	29	0	0.0183
96	5	15	1	0.3357
97	5	15	0	0.2176
98	8	12	3	0.3310
99	5	20	0	0.2079
100	4	12	0	0.0000
101	4	19	0	0.0393
102	5	14	0	0.3602
103	5	11	2	0.4024
104	5	11	0	0.2656
105	5	24	0	0.3073
106	4	17	0	0.2664
107	5	25	0	0.2398
108	5	25	0	0.2389
109	5	28	0	0.2409
110	4	27	0	0.2487
111	5	36	0	0.2246
112	4	24	0	0.2668
113	4	24	0	0.2797
114	5	27	0	0.2730
115	4	23	0	0.3453
116	4	27	0	0.2712
117	4	27	0	0.0352
118	4	26	0	0.2091
119	4	38	0	0.0000
120	4	41	0	0.0000
121	7	16	0	0.0000
122	15	7	1	0.3389
123	6	10	0	0.0000
124	5	9	0	0.0000
125	6	12	0	0.1041
126	6	23	0	0.3011
127	5	19	1	0.3196
128	6	30	0	0.1801
129	7	6	1	0.5328
130	5	6	0	0.0413
131	5	20	0	0.0000
132	5	21	1	0.2752
133	5	8	0	0.3270
134	4	5	0	0.0000
135	5	28	0	0.0000
136	5	16	0	0.3044
137	5	15	0	0.3565
138	5	16	0	0.3180
139	4	13	1	0.3181
140	50	4	0	0.4087
141	5	11	1	0.5339
142	5	32	0	0.0202
143	5	8	1	0.4507
144	4	24	0	0.0000
145	4	15	0	0.3295
146	5	30	0	0.2434
147	5	24	1	0.4050
148	5	30	0	0.2492
149	5	29	0	0.2310
150	5	37	0	0.1786
151	5	33	0	0.1681
152	5	36	0	0.3037
153	5	21	0	0.3875
154	4	40	0	0.0000
155	5	34	0	0.1978
156	4	31	0	0.3184
157	4	33	0	0.0228
158	5	42	0	0.2371
159	4	41	0	0.2486
160	4	37	0	0.0179
161	50	1	1	NaN
162	2	0	0	0.0000
163	2	0	0	0.0000
164	7	9	0	0.2120
165	50	0	0	0.4714
166	5	14	2	0.3998
167	6	7	1	0.4582
168	5	13	0	0.1404
169	6	13	0	0.3174
170	5	20	1	0.4127
171	5	41	0	0.2603
172	5	14	0	0.0602
173	5	11	0	0.1356
174	5	21	0	0.2568
175	5	26	0	0.0000
176	5	38	0	0.0000
177	5	21	0	0.2434
178	5	17	0	0.2219
179	4	7	0	0.3245
180	5	33	0	0.2271
181	5	13	0	0.4932
182	5	17	0	0.2954
183	5	19	0	0.2708
184	5	31	0	0.1883
185	5	21	0	0.2552
186	5	35	0	0.2145
187	5	29	0	0.2402
188	4	27	0	0.3049
189	5	37	0	0.2176
190	4	34	0	0.2028
191	5	38	0	0.1941
192	4	24	0	0.0000
193	5	52	0	0.1553
194	4	39	0	0.2718
195	4	33	0	0.0000
196	4	46	0	0.0000
197	4	47	0	0.0000
198	4	37	0	0.0000
199	4	44	0	0.0000
200	5	49	0	0.1455
201	6	17	0	0.0000
202	6	29	0	0.0000
203	6	5	0	0.0000
204	6	4	0	0.0809
205	6	18	0	0.3335
206	6	13	1	0.5710
207	6	38	0	0.1383
208	6	29	0	0.2273
209	5	16	0	0.0000
210	5	26	0	0.0259
211	5	13	0	0.1079
212	5	18	0	0.3375
213	5	32	0	0.0000
214	5	18	0	0.1506
215	5	27	0	0.0000
216	5	34	0	0.0000
217	5	12	0	0.2915
218	5	47	0	0.0000
219	5	27	0	0.1257
220	5	44	0	0.2721
221	5	31	0	0.3085
222	5	38	0	0.2166
223	5	31	0	0.2010
224	5	22	0	0.3175
225	5	37	0	0.1985
226	4	20	0	0.3516
227	5	41	0	0.2433
228	5	50	0	0.1644
229	5	41	0	0.1911
230	4	38	0	0.0000
231	5	42	0	0.2322
232	5	32	0	0.3398
233	5	55	0	0.2653
234	5	70	0	0.1052
235	4	38	0	0.2729
236	4	46	0	0.0000
237	5	59	0	0.1523
238	5	42	0	0.2004
239	4	46	0	0.0000
240	5	55	0	0.2216
241	6	46	0	0.0000
242	7	13	0	0.2971
243	6	23	0	0.2278
244	6	27	0	0.0404
245	2	0	0	0.0000
246	6	21	0	0.5881
247	6	25	0	0.2675
248	5	11	0	0.4116
249	5	7	0	0.5897
250	5	15	0	0.3308
251	5	21	0	0.0000
252	5	28	0	0.0000
253	5	16	0	0.0451
254	5	28	0	0.0000
255	5	21	0	0.0243
256	5	28	0	0.0000
257	5	42	0	0.0000
258	5	27	0	0.3145
259	5	11	0	0.1865
260	5	21	0	0.2950
261	5	43	0	0.0000
262	5	37	0	0.2782
263	5	41	0	0.0000
264	5	29	0	0.1912
265	5	49	0	0.0000
266	5	39	0	0.2582
267	5	26	0	0.1896
268	5	41	0	0.2809
269	4	27	0	0.0000
270	5	52	0	0.2257
271	5	50	0	0.1945
272	5	47	0	0.2144
273	5	31	0	0.3297
274	5	46	0	0.2747
275	4	51	0	0.0000
276	5	56	0	0.2065
277	5	42	0	0.1852
278	5	52	0	0.2151
279	4	51	0	0.0209
280	4	52	0	0.0000
281	6	33	0	0.0000
282	6	35	0	0.0000
283	6	29	0	0.0000
284	8	22	0	0.3387
285	5	19	0	0.0000
286	6	25	0	0.2896
287	5	11	0	0.0000
288	5	34	0	0.2166
289	5	20	0	0.0000
290	5	27	0	0.2351
291	5	15	0	0.4655
292	5	40	0	0.0000
293	5	29	0	0.4048
294	5	39	0	0.0000
295	5	26	0	0.0000
296	5	33	0	0.0000
297	5	60	0	0.0000
298	5	45	0	0.0000
299	5	51	0	0.0000
300	4	8	0	0.5344
301	5	46	0	0.2461
302	5	32	0	0.2311
303	5	52	0	0.0000
304	5	51	0	0.2310
305	5	51	0	0.2961
306	5	41	0	0.2579
307	5	36	0	0.2338
308	5	46	0	0.2162
309	5	31	0	0.2332
310	5	48	0	0.2697
311	5	51	0	0.1755
312	5	51	0	0.2467
313	5	65	0	0.2533
314	5	57	0	0.2003
315	4	45	0	0.2812
316	5	60	0	0.1965
317	4	55	0	0.2374
318	5	51	0	0.2257
319	4	49	0	0.3547
320	5	58	0	0.2545
321	2	0	0	0.0000
322	7	25	0	0.0338
323	6	35	0	0.0000
324	6	30	0	0.0000
325	6	54	0	0.1999
326	5	18	0	0.4260
327	5	44	0	0.0000
328	5	22	0	0.0000
329	5	27	0	0.0000
330	5	18	0	0.0278
331	5	25	0	0.0000
332	5	30	0	0.0000
333	5	28	0	0.2414
334	5	37	0	0.0000
335	5	22	0	0.2537
336	5	17	0	0.4990
337	5	42	0	0.0000
338	5	47	0	0.0000
339	5	32	0	0.2174
340	5	21	0	0.4284
341	5	49	0	0.0000
342	5	53	0	0.2790
343	5	52	0	0.2663
344	5	41	0	0.2712
345	5	36	0	0.3071
346	5	51	0	0.2922
347	5	49	0	0.2428
348	5	37	0	0.0334
349	5	39	0	0.2052
350	5	42	0	0.2030
351	5	48	0	0.1488
352	5	58	0	0.2264
353	5	55	0	0.1845
354	5	56	0	0.2048
355	5	61	0	0.2446
356	4	39	0	0.0583
357	4	56	0	0.2313
358	5	54	0	0.2144
359	5	62	0	0.2309
360	5	57	0	0.2271
361	6	28	0	0.0000
362	6	28	0	0.3912
363	6	45	0	0.0000
364	6	46	0	0.1827
365	6	31	0	0.1633
366	5	44	0	0.3349
367	5	56	0	0.0255
368	6	14	0	0.4087
369	5	30	0	0.0000
370	6	20	0	0.2836
371	5	33	0	0.0000
372	5	25	0	0.0000
373	5	35	0	0.3451
374	5	34	0	0.0000
375	5	31	0	0.0000
376	5	48	0	0.0000
377	5	15	0	0.5173
378	5	48	0	0.0000
379	5	20	0	0.2417
380	5	52	0	0.0000
381	5	46	0	0.3026
382	5	34	0	0.3208
383	5	56	0	0.0000
384	5	67	0	0.0000
385	5	57	0	0.2431
386	5	43	0	0.2232
387	5	50	0	0.2129
388	5	38	0	0.2896
389	5	44	0	0.2352
390	5	32	0	0.4347
391	5	49	0	0.2234
392	5	67	0	0.2755
393	5	48	0	0.2459
394	5	55	0	0.1901
395	5	56	0	0.1579
396	5	69	0	0.1961
397	5	62	0	0.2200
398	5	62	0	0.1945
399	5	79	0	0.2082
400	5	63	0	0.2559
401	2	0	0	0.0000
402	2	0	0	0.0000
403	2	0	0	0.0000
404	6	45	0	0.2233
405	5	64	0	0.0000
406	5	70	0	0.0000
407	5	52	0	0.0194
408	5	18	0	0.0000
409	5	31	0	0.0368
410	5	45	0	0.0000
411	5	45	0	0.0000
412	5	31	0	0.1617
413	5	31	0	0.0000
414	5	39	0	0.0000
415	5	50	0	0.2833
416	5	32	0	0.2474
417	5	26	0	0.2413
418	5	29	0	0.0268
419	4	16	0	0.4194
420	5	27	0	0.3596
421	5	36	0	0.1633
422	5	48	0	0.0000
423	5	42	0	0.2252
424	5	49	0	0.0000
425	5	42	0	0.2171
426	5	42	0	0.2673
427	5	41	0	0.3459
428	5	76	0	0.0000
429	5	49	0	0.2079
430	5	52	0	0.3461
431	5	56	0	0.2875
432	5	48	0	0.3059
433	5	56	0	0.2172
434	5	51	0	0.2429
435	5	52	0	0.2529
436	5	57	0	0.2091
437	5	66	0	0.2497
438	5	60	0	0.2578
439	5	68	0	0.2422
440	5	77	0	0.1644
441	2	0	0	0.0000
442	6	27	0	0.0000
443	6	45	0	0.0000
444	6	22	0	0.0000
445	5	37	0	0.0000
446	5	32	0	0.0000
447	5	33	0	0.0000
448	5	32	0	0.0000
449	5	68	0	0.0193
450	5	30	0	0.0000
451	5	29	0	0.0204
452	5	27	0	0.0000
453	5	19	0	0.0630
454	5	46	0	0.0000
455	5	48	0	0.0000
456	5	43	0	0.0000
457	5	49	0	0.0000
458	5	41	0	0.0000
459	5	23	0	0.2415
460	5	44	0	0.0000
461	5	33	0	0.0352
462	5	41	0	0.2718
463	5	66	0	0.0000
464	5	53	0	0.1992
465	5	53	0	0.2346
466	5	37	0	0.3169
467	5	53	0	0.2894
468	5	43	0	0.2457
469	5	59	0	0.2522
470	5	74	0	0.2088
471	5	44	0	0.2064
472	5	74	0	0.0000
473	5	56	0	0.2156
474	5	50	0	0.3650
475	5	61	0	0.2042
476	5	77	0	0.1661
477	5	56	0	0.2162
478	5	58	0	0.3133
479	5	62	0	0.2161
480	4	56	0	0.1360
481	6	42	0	0.0000
482	2	0	0	0.0000
483	5	36	0	0.0453
484	6	46	0	0.0000
485	6	33	0	0.1009
486	5	80	0	0.0000
487	5	57	0	0.2310
488	5	50	0	0.0000
489	5	36	0	0.0000
490	5	38	0	0.0000
491	5	30	0	0.0000
492	5	29	0	0.0000
493	5	42	0	0.0000
494	5	42	0	0.0000
495	5	34	0	0.0000
496	5	41	0	0.0000
497	5	57	0	0.0000
498	5	56	0	0.0000
499	5	49	0	0.2699
500	5	58	0	0.0000
501	5	66	0	0.0000
502	5	27	0	0.3442
503	5	57	0	0.2113
504	5	62	0	0.2158
505	5	65	0	0.0000
506	5	46	0	0.4084
507	5	53	0	0.3320
508	5	66	0	0.2966
509	5	44	0	0.2530
510	5	89	0	0.1902
511	5	57	0	0.2244
512	5	80	0	0.0000
513	5	82	0	0.0000
514	4	47	0	0.3338
515	5	58	0	0.2800
516	5	88	0	0.0000
517	5	61	0	0.2141
518	5	81	0	0.1709
519	5	72	0	0.1701
520	5	77	0	0.2098
521	2	0	0	0.0000
522	6	41	0	0.0000
523	7	33	0	0.0000
524	6	17	0	0.0000
525	5	48	0	0.0000
526	6	39	0	0.2304
527	5	40	0	0.2482
528	5	38	0	0.0000
529	5	51	0	0.0000
530	5	30	0	0.0000
531	5	54	0	0.0000
532	5	33	0	0.5234
533	5	46	0	0.0000
534	5	47	0	0.0000
535	5	56	0	0.0000
536	5	25	0	0.3449
537	5	40	0	0.0000
538	5	47	0	0.2956
539	5	54	0	0.0000
540	5	39	0	0.3350
541	5	48	0	0.4001
542	5	57	0	0.0000
543	5	59	0	0.0000
544	5	55	0	0.2270
545	5	62	0	0.3052
546	5	64	0	0.2466
547	5	68	0	0.2557
548	5	66	0	0.2747
549	5	46	0	0.3022
550	5	77	0	0.2265
551	5	79	0	0.0000
552	5	67	0	0.2597
553	5	67	0	0.1884
554	5	71	0	0.1868
555	5	61	0	0.2806
556	5	78	0	0.0996
557	5	93	0	0.1677
558	5	79	0	0.1732
559	5	77	0	0.1700
560	5	74	0	0.1794
561	6	53	0	0.0000
562	2	0	0	0.0000
563	6	49	0	0.1814
564	2	0	0	0.0000
565	6	38	0	0.2182
566	5	42	0	0.0000
567	5	40	0	0.0000
568	5	32	0	0.0000
569	5	45	0	0.0000
570	5	43	0	0.0000
571	5	58	0	0.0000
572	5	39	0	0.0000
573	5	60	0	0.0000
574	5	57	0	0.0000
575	5	44	0	0.0000
576	5	66	0	0.3302
577	5	24	0	0.3907
578	5	62	0	0.0000
579	5	54	0	0.0000
580	5	64	0	0.0000
581	5	56	0	0.0000
582	5	59	0	0.0000
583	5	53	0	0.2165
584	5	70	0	0.0000
585	5	44	0	0.2555
586	5	59	0	0.0232
587	5	54	0	0.2410
588	5	48	0	0.1965
589	5	58	0	0.3341
590	5	67	0	0.2903
591	5	82	0	0.0000
592	5	75	0	0.1100
593	5	41	0	0.2786
594	5	53	0	0.2920
595	5	74	0	0.1937
596	5	81	0	0.0000
597	5	79	0	0.1790
598	5	71	0	0.2202
599	5	71	0	0.2608
600	5	71	0	0.1963
601	2	0	0	0.0000
602	2	0	0	0.0000
603	6	37	0	0.0000
604	2	0	0	0.0000
605	5	58	0	0.2642
606	5	34	0	0.0000
607	6	43	0	0.2245
608	5	30	0	0.0386
609	5	48	0	0.0000
610	5	39	0	0.0000
611	5	45	0	0.0000
612	5	47	0	0.0000
613	5	35	0	0.0000
614	5	36	0	0.0000
615	5	44	0	0.0000
616	5	60	0	0.0000
617	5	56	0	0.0000
618	5	53	0	0.0000
619	5	64	0	0.0000
620	5	47	0	0.0000
621	5	58	0	0.3037
622	5	72	0	0.0000
623	5	64	0	0.0000
624	5	79	0	0.0000
625	5	81	0	0.2262
626	5	70	0	0.0000
627	5	79	0	0.0000
628	5	78	0	0.2195
629	5	79	0	0.2359
630	5	77	0	0.0000
631	5	69	0	0.2269
632	5	65	0	0.2099
633	5	77	0	0.0296
634	5	57	0	0.2718
635	5	63	0	0.2673
636	5	47	0	0.3055
637	5	57	0	0.2647
638	5	97	0	0.0000
639	5	88	0	0.0000
640	5	70	0	0.1952
641	6	65	0	0.0000
642	6	49	0	0.0000
643	6	30	0	0.0298
644	5	43	0	0.2081
645	5	41	0	0.0000
646	6	37	0	0.2315
647	5	68	0	0.0000
648	5	52	0	0.0000
649	5	40	0	0.0252
650	5	49	0	0.0000
651	5	64	0	0.0000
652	5	56	0	0.0000
653	5	51	0	0.0000
654	5	63	0	0.0000
655	5	45	0	0.0000
656	5	39	0	0.2410
657	5	56	0	0.0000
658	5	57	0	0.0000
659	5	70	0	0.0000
660	5	62	0	0.0000
661	5	71	0	0.0000
662	5	62	0	0.2499
663	5	77	0	0.0000
664	5	73	0	0.0000
665	5	73	0	0.0000
666	5	65	0	0.2260
667	5	76	0	0.2212
668	5	63	0	0.0000
669	5	77	0	0.0000
670	5	53	0	0.3842
671	5	86	0	0.0000
672	5	85	0	0.2095
673	5	83	0	0.0000
674	5	85	0	0.0000
675	5	68	0	0.2008
676	5	66	0	0.2389
677	5	90	0	0.0000
678	5	74	0	0.1966
679	5	91	0	0.0000
680	5	91	0	0.0000
681	6	67	0	0.0000
682	6	89	0	0.0000
683	6	55	0	0.1821
684	6	80	0	0.1636
685	6	34	0	0.2877
686	5	73	0	0.1700
687	5	51	0	0.0000
688	5	53	0	0.0000
689	5	40	0	0.0000
690	5	35	0	0.0000
691	5	82	0	0.0000
692	5	40	0	0.0000
693	5	35	0	0.0000
694	5	46	0	0.0000
695	5	56	0	0.0000
696	5	22	0	0.4564
697	5	70	0	0.0000
698	5	66	0	0.0000
699	5	73	0	0.0000
700	5	33	0	0.0574
701	5	83	0	0.0000
702	5	67	0	0.0000
703	5	69	0	0.0000
704	5	66	0	0.1920
705	5	85	0	0.0000
706	5	75	0	0.0000
707	5	82	0	0.0000
708	5	76	0	0.0000
709	5	86	0	0.0000
710	5	71	0	0.2736
711	5	91	0	0.0000
712	5	72	0	0.2395
713	5	80	0	0.2379
714	5	89	0	0.1947
715	5	87	0	0.0000
716	5	91	0	0.0000
717	5	61	0	0.2702
718	5	94	0	0.0000
719	5	75	0	0.2548
720	5	91	0	0.0000
721	6	68	0	0.0000
722	6	92	0	0.0000
723	6	66	0	0.0000
724	5	71	0	0.0000
725	5	56	0	0.2467
726	5	66	0	0.0000
727	6	58	0	0.2411
728	5	27	0	0.3506
729	5	48	0	0.0000
730	5	24	0	0.5705
731	5	48	0	0.0000
732	5	50	0	0.0000
733	5	43	0	0.0000
734	5	35	0	0.0000
735	5	67	0	0.1855
736	5	61	0	0.0000
737	5	77	0	0.0000
738	5	66	0	0.0000
739	5	79	0	0.0000
740	5	76	0	0.0000
741	5	77	0	0.0000
742	5	74	0	0.0000
743	5	74	0	0.0000
744	5	76	0	0.0000
745	5	76	0	0.0000
746	5	75	0	0.0000
747	5	65	0	0.1955
748	5	58	0	0.2760
749	5	70	0	0.0000
750	5	81	0	0.0000
751	5	88	0	0.0000
752	5	75	0	0.0000
753	5	34	0	0.5142
754	5	67	0	0.2207
755	5	64	0	0.2903
756	5	81	0	0.2337
757	5	68	0	0.2460
758	5	95	0	0.0000
759	5	56	0	0.2814
760	5	91	0	0.0000
761	6	57	0	0.0000
762	6	73	0	0.1964
763	6	68	0	0.1645
764	6	56	0	0.2001
765	5	42	0	0.0000
766	5	57	0	0.0000
767	5	44	0	0.4346
768	5	39	0	0.0000
769	5	93	0	0.0000
770	5	55	0	0.0000
771	5	51	0	0.0000
772	5	48	0	0.0000
773	5	51	0	0.0000
774	5	49	0	0.0000
775	5	45	0	0.0000
776	5	73	0	0.0000
777	5	73	0	0.0000
778	5	52	0	0.0000
779	5	74	0	0.0000
780	5	75	0	0.0000
781	5	80	0	0.0000
782	5	65	0	0.0000
783	5	80	0	0.0000
784	5	75	0	0.0000
785	5	76	0	0.0000
786	5	86	0	0.0000
787	5	75	0	0.0000
788	5	72	0	0.0000
789	5	80	0	0.0000
790	5	70	0	0.2560
791	5	78	0	0.2416
792	5	87	0	0.0000
793	5	67	0	0.2745
794	5	87	0	0.0000
795	5	94	0	0.0000
796	5	92	0	0.0000
797	5	80	0	0.1954
798	5	74	0	0.2649
799	5	94	0	0.0000
800	5	96	0	0.0000
801	2	0	0	0.0000
802	6	62	0	0.0000
803	2	0	0	0.0000
804	6	73	0	0.2506
805	6	31	0	0.0000
806	5	43	0	0.0000
807	6	46	0	0.2394
808	5	60	0	0.0000
809	5	29	0	0.0000
810	5	38	0	0.0000
811	5	35	0	0.0000
812	5	47	0	0.0000
813	5	21	0	0.0263
814	5	40	0	0.0000
815	5	60	0	0.0000
816	5	68	0	0.0000
817	5	37	0	0.0227
818	5	79	0	0.0000
819	5	71	0	0.0000
820	5	62	0	0.0000
821	5	63	0	0.0000
822	5	80	0	0.0000
823	5	75	0	0.0000
824	5	71	0	0.0000
825	5	83	0	0.0000
826	5	83	0	0.0000
827	5	78	0	0.0000
828	5	85	0	0.0000
829	5	79	0	0.0000
830	5	83	0	0.0000
831	5	91	0	0.0000
832	5	87	0	0.0000
833	5	75	0	0.0214
834	5	92	0	0.0000
835	5	92	0	0.0000
836	5	83	0	0.1874
837	5	82	0	0.2586
838	5	92	0	0.0000
839	5	90	0	0.1860
840	5	96	0	0.0000
841	2	0	0	0.0000
842	2	0	0	0.0000
843	6	93	0	0.1391
844	6	59	0	0.0000
845	6	86	0	0.0000
846	5	100	0	0.0000
847	5	89	0	0.0229
848	5	64	0	0.0000
849	5	49	0	0.0000
850	5	30	0	0.0000
851	5	98	0	0.0000
852	5	58	0	0.0000
853	5	55	0	0.0000
854	5	60	0	0.0000
855	5	65	0	0.0000
856	5	68	0	0.0000
857	5	72	0	0.0000
858	5	76	0	0.0000
859	5	60	0	0.0000
860	5	70	0	0.0000
861	5	79	0	0.0000
862	5	86	0	0.0000
863	5	74	0	0.0000
864	5	71	0	0.0000
865	5	68	0	0.0000
866	5	87	0	0.0000
867	5	84	0	0.0000
868	5	87	0	0.0000
869	5	85	0	0.0000
870	5	89	0	0.0000
871	5	87	0	0.0000
872	5	86	0	0.0000
873	5	79	0	0.2306
874	5	66	0	0.2331
875	5	82	0	0.0000
876	5	94	0	0.0000
877	5	74	0	0.0240
878	5	82	0	0.2008
879	5	79	0	0.2047
880	5	89	0	0.1909
881	2	0	0	0.0000
882	6	63	0	0.0000
883	6	99	0	0.0000
884	6	57	0	0.0000
885	5	100	0	0.0000
886	6	40	0	0.1729
887	5	91	0	0.0000
888	5	68	0	0.0000
889	5	78	0	0.0000
890	5	86	0	0.0000
891	5	63	0	0.0000
892	5	44	0	0.0000
893	5	62	0	0.0000
894	5	73	0	0.0000
895	5	62	0	0.0000
896	5	61	0	0.0000
897	5	74	0	0.0000
898	5	78	0	0.0000
899	5	63	0	0.0000
900	5	78	0	0.0000
901	5	26	0	0.1244
902	5	80	0	0.0000
903	5	81	0	0.0000
904	5	81	0	0.0000
905	5	78	0	0.0000
906	5	75	0	0.0000
907	5	89	0	0.0000
908	5	81	0	0.0000
909	5	83	0	0.0000
910	5	94	0	0.0000
911	5	82	0	0.0000
912	5	80	0	0.2191
913	5	91	0	0.0000
914	5	87	0	0.0000
915	5	94	0	0.0000
916	5	96	0	0.1854
917	5	93	0	0.0000
918	5	77	0	0.2417
919	5	68	0	0.2973
920	5	95	0	0.0000
921	2	0	0	0.0000
922	2	0	0	0.0000
923	6	81	0	0.0000
924	6	62	0	0.0262
925	5	89	0	0.0000
926	5	48	0	0.0000
927	5	68	0	0.0000
928	5	32	0	0.0000
929	5	91	0	0.0000
930	5	58	0	0.0000
931	5	77	0	0.0000
932	5	66	0	0.0000
933	5	82	0	0.0000
934	5	43	0	0.0000
935	5	68	0	0.0000
936	5	73	0	0.0000
937	5	77	0	0.0000
938	5	74	0	0.0000
939	5	66	0	0.0000
940	5	73	0	0.0000
941	5	71	0	0.0000
942	5	86	0	0.0000
943	5	86	0	0.0000
944	5	73	0	0.0000
945	5	91	0	0.0000
946	5	80	0	0.0000
947	5	81	0	0.0000
948	5	89	0	0.0000
949	5	83	0	0.0000
950	5	88	0	0.0000
951	5	90	0	0.0000
952	5	91	0	0.0000
953	5	89	0	0.0000
954	5	94	0	0.0000
955	5	85	0	0.0000
956	5	89	0	0.0000
957	5	91	0	0.0000
958	5	94	0	0.0000
959	5	80	0	0.2298
960	5	93	0	0.0000
961	6	92	0	0.0000
962	6	61	0	0.0000
963	6	60	0	0.0000
964	6	43	0	0.0000
965	5	53	0	0.2748
966	6	19	0	0.2617
967	5	70	0	0.0000
968	5	56	0	0.0000
969	5	55	0	0.0000
970	5	60	0	0.0000
971	5	73	0	0.0000
972	5	92	0	0.0000
973	5	77	0	0.0000
974	5	66	0	0.0000
975	5	84	0	0.0000
976	5	68	0	0.0000
977	5	60	0	0.0000
978	5	84	0	0.0000
979	5	71	0	0.0000
980	5	65	0	0.0000
981	5	88	0	0.0000
982	5	83	0	0.0000
983	5	86	0	0.0000
984	5	86	0	0.0000
985	5	92	0	0.0000
986	5	69	0	0.0000
987	5	84	0	0.0000
988	5	90	0	0.0000
989	5	84	0	0.0000
990	5	95	0	0.0000
991	5	86	0	0.0000
992	5	94	0	0.0000
993	5	98	0	0.0000
994	5	92	0	0.0000
995	5	81	0	0.1940
996	5	97	0	0.0000
997	5	90	0	0.0000
998	5	96	0	0.0000
999	5	93	0	0.0000
1000	5	94	0	0.0000
1001	6	89	0	0.0000
1002	6	76	0	0.0000
1003	6	36	0	0.2190
1004	6	69	0	0.0000
1005	6	90	0	0.1407
1006	6	53	0	0.1882
1007	5	86	0	0.0000
1008	5	81	0	0.0000
1009	5	53	0	0.0000
1010	5	58	0	0.0000
1011	5	33	0	0.0000
1012	5	75	0	0.0000
1013	5	56	0	0.0000
1014	5	52	0	0.0000
1015	5	69	0	0.0000
1016	5	65	0	0.0000
1017	5	43	0	0.0187
1018	5	95	0	0.0000
1019	5	64	0	0.0000
1020	5	87	0	0.0000
1021	5	69	0	0.0000
1022	5	80	0	0.0000
1023	5	79	0	0.0000
1024	5	80	0	0.0000
1025	5	96	0	0.0000
1026	5	79	0	0.0000
1027	5	85	0	0.0000
1028	5	79	0	0.0000
1029	5	93	0	0.0000
1030	5	86	0	0.0000
1031	5	92	0	0.0000
1032	5	79	0	0.0000
1033	5	93	0	0.0000
1034	5	68	0	0.2687
1035	5	94	0	0.0000
1036	5	95	0	0.0000
1037	5	99	0	0.0000
1038	5	85	0	0.1812
1039	5	75	0	0.2968
1040	5	100	0	0.0238
1041	6	89	0	0.0000
1042	2	0	0	0.0000
1043	6	51	0	0.0000
1044	6	46	0	0.0280
1045	6	53	0	0.1647
1046	5	97	0	0.0000
1047	5	65	0	0.2513
1048	5	54	0	0.0000
1049	5	73	0	0.0000
1050	5	91	0	0.0000
1051	5	64	0	0.0000
1052	5	26	0	0.0000
1053	5	35	0	0.0000
1054	5	66	0	0.0000
1055	5	63	0	0.0000
1056	5	64	0	0.0000
1057	5	59	0	0.0000
1058	5	87	0	0.0000
1059	5	48	0	0.0000
1060	5	82	0	0.0000
1061	5	90	0	0.0000
1062	5	84	0	0.0000
1063	5	85	0	0.0000
1064	5	93	0	0.0000
1065	5	89	0	0.0000
1066	5	85	0	0.0000
1067	5	88	0	0.0000
1068	5	90	0	0.0000
1069	5	97	0	0.0000
1070	5	95	0	0.0000
1071	5	90	0	0.0000
1072	5	94	0	0.0000
1073	5	96	0	0.0000
1074	5	74	0	0.0301
1075	5	90	0	0.0000
1076	5	94	0	0.0000
1077	5	85	0	0.2238
1078	5	97	0	0.0000
1079	5	95	0	0.0000
1080	5	79	0	0.2650
1081	2	0	0	0.0000
1082	6	68	0	0.0000
1083	6	58	0	0.0000
1084	6	94	0	0.2030
1085	5	91	0	0.0000
1086	5	66	0	0.0000
1087	5	59	0	0.0000
1088	5	56	0	0.0000
1089	5	65	0	0.0000
1090	5	78	0	0.0000
1091	5	65	0	0.0000
1092	5	89	0	0.0000
1093	5	61	0	0.0000
1094	5	92	0	0.0000
1095	5	87	0	0.0000
1096	5	64	0	0.0000
1097	5	62	0	0.0000
1098	5	74	0	0.0000
1099	5	72	0	0.0000
1100	5	86	0	0.0000
1101	5	89	0	0.0000
1102	5	79	0	0.0000
1103	5	83	0	0.0000
1104	5	82	0	0.0000
1105	5	86	0	0.0000
1106	5	94	0	0.0000
1107	5	94	0	0.0000
1108	5	87	0	0.0000
1109	5	97	0	0.0000
1110	5	89	0	0.0000
1111	5	98	0	0.0000
1112	5	94	0	0.0000
1113	5	93	0	0.0000
1114	5	93	0	0.0000
1115	5	98	0	0.0000
1116	5	87	0	0.0000
1117	5	94	0	0.0000
1118	5	91	0	0.2170
1119	5	84	0	0.2233
1120	5	99	0	0.0000
1121	2	0	0	0.0000
1122	6	98	0	0.0000
1123	6	57	0	0.0000
1124	6	78	0	0.1787
1125	5	84	0	0.0000
1126	6	63	0	0.2624
1127	5	44	0	0.0000
1128	5	83	0	0.0000
1129	5	86	0	0.0000
1130	5	43	0	0.0000
1131	5	91	0	0.0000
1132	5	40	0	0.0000
1133	5	90	0	0.0000
1134	5	94	0	0.0000
1135	5	82	0	0.0000
1136	5	97	0	0.0000
1137	5	67	0	0.0000
1138	5	70	0	0.0000
1139	5	88	0	0.0000
1140	5	86	0	0.0000
1141	5	77	0	0.0000
1142	5	88	0	0.0000
1143	5	81	0	0.0000
1144	5	84	0	0.0000
1145	5	91	0	0.0000
1146	5	88	0	0.0000
1147	5	92	0	0.0000
1148	5	91	0	0.0000
1149	5	89	0	0.0000
1150	5	93	0	0.0000
1151	5	95	0	0.0000
1152	5	91	0	0.0000
1153	5	94	0	0.0000
1154	5	97	0	0.0000
1155	5	92	0	0.0000
1156	5	94	0	0.0000
1157	5	96	0	0.0000
1158	5	96	0	0.0000
1159	5	99	0	0.0000
1160	5	97	0	0.1768
1161	2	0	0	0.0000
1162	6	78	0	0.0000
1163	6	86	0	0.1059
1164	6	77	0	0.0000
1165	6	55	0	0.1397
1166	5	58	0	0.0000
1167	5	54	0	0.0000
1168	5	91	0	0.0000
1169	5	58	0	0.0000
1170	5	91	0	0.0000
1171	5	88	0	0.0000
1172	5	90	0	0.0000
1173	5	76	0	0.0000
1174	5	75	0	0.0000
1175	5	76	0	0.0000
1176	5	82	0	0.0000
1177	5	71	0	0.0000
1178	5	75	0	0.0000
1179	5	71	0	0.0000
1180	5	84	0	0.0000
1181	5	81	0	0.0000
1182	5	71	0	0.0000
1183	5	83	0	0.0000
1184	5	98	0	0.0000
1185	5	95	0	0.0000
1186	5	86	0	0.0000
1187	5	92	0	0.0000
1188	5	86	0	0.0000
1189	5	88	0	0.0000
1190	5	95	0	0.0000
1191	5	92	0	0.0000
1192	5	98	0	0.0000
1193	5	98	0	0.0000
1194	5	92	0	0.0000
1195	5	96	0	0.0000
1196	5	98	0	0.0000
1197	5	97	0	0.0000
1198	5	92	0	0.0000
1199	5	98	0	0.0000
1200	5	92	0	0.0000
1201	2	0	0	0.0000
1202	2	0	0	0.0000
1203	6	89	0	0.0000
1204	6	78	0	0.1933
1205	5	83	0	0.0265
1206	6	44	0	0.2512
1207	5	41	0	0.0000
1208	5	90	0	0.0000
1209	5	17	0	0.0000
1210	5	78	0	0.0000
1211	5	90	0	0.0000
1212	5	84	0	0.0000
1213	5	68	0	0.0000
1214	5	93	0	0.0000
1215	5	80	0	0.0000
1216	5	93	0	0.0000
1217	5	76	0	0.0000
1218	5	91	0	0.0000
1219	5	83	0	0.0000
1220	5	84	0	0.0000
1221	5	84	0	0.0000
1222	5	92	0	0.0000
1223	5	78	0	0.0000
1224	5	88	0	0.0000
1225	5	84	0	0.0000
1226	5	78	0	0.0000
1227	5	81	0	0.0000
1228	5	94	0	0.0000
1229	5	98	0	0.0000
1230	5	74	0	0.2705
1231	5	99	0	0.0000
1232	5	95	0	0.0000
1233	5	93	0	0.0000
1234	5	95	0	0.0000
1235	5	96	0	0.0000
1236	5	95	0	0.0000
1237	5	97	0	0.0000
1238	5	97	0	0.0000
1239	5	99	0	0.0000
1240	5	91	0	0.0000
1241	6	97	0	0.0000
1242	6	100	0	0.1266
1243	6	89	0	0.0000
1244	2	0	0	0.0000
1245	5	83	0	0.0000
1246	5	84	0	0.2665
1247	5	97	0	0.0112
1248	5	80	0	0.0000
1249	5	99	0	0.0000
1250	5	92	0	0.0000
1251	5	93	0	0.0000
1252	5	81	0	0.0000
1253	5	79	0	0.0000
1254	5	79	0	0.0000
1255	5	83	0	0.0000
1256	5	83	0	0.0000
1257	5	76	0	0.0000
1258	5	91	0	0.0000
1259	5	89	0	0.0000
1260	5	80	0	0.0000
1261	5	84	0	0.0000
1262	5	96	0	0.0000
1263	5	89	0	0.0000
1264	5	92	0	0.0000
1265	5	82	0	0.0000
1266	5	97	0	0.0000
1267	5	92	0	0.0000
1268	5	89	0	0.0000
1269	5	92	0	0.0000
1270	5	96	0	0.0000
1271	5	97	0	0.0000
1272	5	97	0	0.0000
1273	5	95	0	0.0000
1274	5	83	0	0.0000
1275	5	93	0	0.0000
1276	5	98	0	0.0000
1277	5	82	0	0.2769
1278	5	97	0	0.0000
1279	5	97	0	0.0000
1280	5	97	0	0.0000
1281	2	0	0	0.0000
1282	6	74	0	0.0000
1283	6	84	0	0.1325
1284	2	0	0	0.0000
1285	5	97	0	0.0132
1286	5	93	0	0.0000
1287	5	76	0	0.0000
1288	5	90	0	0.0000
1289	5	94	0	0.0000
1290	5	64	0	0.0000
1291	5	86	0	0.0000
1292	5	66	0	0.0000
1293	5	74	0	0.0000
1294	5	94	0	0.0000
1295	5	98	0	0.0000
1296	5	62	0	0.0000
1297	5	91	0	0.0000
1298	5	98	0	0.0000
1299	5	79	0	0.0000
1300	5	82	0	0.0000
1301	5	93	0	0.0000
1302	5	77	0	0.0000
1303	5	88	0	0.0000
1304	5	98	0	0.0000
1305	5	86	0	0.0000
1306	5	92	0	0.0000
1307	5	93	0	0.0000
1308	5	79	0	0.0000
1309	5	93	0	0.0000
1310	5	84	0	0.0000
1311	5	98	0	0.0000
1312	5	95	0	0.0000
1313	5	90	0	0.0000
1314	5	96	0	0.0000
1315	5	95	0	0.0000
1316	5	100	0	0.0000
1317	5	99	0	0.0000
1318	5	99	0	0.0000
1319	5	98	0	0.0000
1320	5	97	0	0.0000
1321	2	0	0	0.0000
1322	2	0	0	0.0000
1323	5	99	0	0.0203
1324	6	70	0	0.1700
1325	5	100	0	0.0000
1326	6	79	0	0.2316
1327	5	87	0	0.0000
1328	5	91	0	0.1845
1329	5	31	0	0.3844
1330	5	85	0	0.0000
1331	5	97	0	0.0000
1332	5	94	0	0.0000
1333	5	90	0	0.0000
1334	5	95	0	0.0000
1335	5	81	0	0.0000
1336	5	85	0	0.0000
1337	5	79	0	0.0000
1338	5	74	0	0.0000
1339	5	78	0	0.0000
1340	5	84	0	0.0000
1341	5	93	0	0.0000
1342	5	89	0	0.0000
1343	5	84	0	0.0000
1344	5	89	0	0.0000
1345	5	88	0	0.0000
1346	5	88	0	0.0000
1347	5	97	0	0.0000
1348	5	95	0	0.0000
1349	5	96	0	0.0000
1350	5	98	0	0.0000
1351	5	94	0	0.0000
1352	5	100	0	0.0000
1353	5	98	0	0.0000
1354	5	95	0	0.0000
1355	5	95	0	0.0000
1356	5	97	0	0.0000
1357	5	100	0	0.0000
1358	5	98	0	0.0000
1359	5	99	0	0.0000
1360	5	99	0	0.0000
1361	2	0	0	0.0000
1362	6	80	0	0.0000
1363	6	92	0	0.0000
1364	6	81	0	0.1995
1365	2	0	0	0.0000
1366	6	30	0	0.1815
1367	5	80	0	0.0000
1368	5	90	0	0.0077
1369	5	71	0	0.0000
1370	5	98	0	0.0000
1371	5	62	0	0.0000
1372	5	67	0	0.0000
1373	5	89	0	0.0000
1374	5	85	0	0.0000
1375	5	90	0	0.0000
1376	5	99	0	0.0000
1377	5	91	0	0.0000
1378	5	83	0	0.0000
1379	5	69	0	0.0000
1380	5	85	0	0.0000
1381	5	92	0	0.0000
1382	5	89	0	0.0000
1383	5	91	0	0.0000
1384	5	90	0	0.0000
1385	5	95	0	0.0000
1386	5	97	0	0.0000
1387	5	97	0	0.0000
1388	5	91	0	0.0000
1389	5	98	0	0.0000
1390	5	96	0	0.0000
1391	5	99	0	0.0000
1392	5	97	0	0.0000
1393	5	98	0	0.0000
1394	5	100	0	0.0000
1395	5	95	0	0.0000
1396	5	99	0	0.0000
1397	5	95	0	0.0000
1398	5	99	0	0.0000
1399	5	100	0	0.2044
1400	5	97	0	0.0000
1401	6	100	0	0.0000
1402	6	100	0	0.0000
1403	6	65	0	0.0000
1404	5	100	0	0.0154
1405	6	70	0	0.3095
1406	5	98	0	0.0000
1407	5	83	0	0.0000
1408	5	60	0	0.3680
1409	5	98	0	0.0000
1410	5	45	0	0.0000
1411	5	91	0	0.0000
1412	5	95	0	0.0000
1413	5	86	0	0.0000
1414	5	79	0	0.0000
1415	5	81	0	0.0000
1416	5	88	0	0.0000
1417	5	84	0	0.0000
1418	5	92	0	0.0000
1419	5	82	0	0.0000
1420	5	77	0	0.0000
1421	5	89	0	0.0000
1422	5	92	0	0.0000
1423	5	96	0	0.0000
1424	5	94	0	0.0000
1425	5	92	0	0.0000
1426	5	96	0	0.0000
1427	5	88	0	0.0000
1428	5	91	0	0.0000
1429	5	96	0	0.0000
1430	5	95	0	0.0000
1431	5	96	0	0.0000
1432	5	93	0	0.0000
1433	5	94	0	0.0000
1434	5	97	0	0.0000
1435	5	97	0	0.0000
1436	5	97	0	0.0000
1437	5	100	0	0.0000
1438	5	79	0	0.0220
1439	5	96	0	0.0000
1440	5	97	0	0.0000
1441	6	100	0	0.0000
1442	6	80	0	0.0000
1443	6	90	0	0.0000
1444	6	75	0	0.1802
1445	5	94	0	0.0000
1446	5	99	0	0.0000
1447	5	88	0	0.0000
1448	5	95	0	0.0000
1449	5	64	0	0.0000
1450	5	49	0	0.0198
1451	5	99	0	0.0000
1452	5	88	0	0.0000
1453	5	97	0	0.0000
1454	5	91	0	0.0000
1455	5	99	0	0.0000
1456	5	99	0	0.0000
1457	5	99	0	0.0000
1458	5	79	0	0.0000
1459	5	84	0	0.0000
1460	5	78	0	0.0000
1461	5	90	0	0.0000
1462	5	92	0	0.0000
1463	5	92	0	0.0000
1464	5	92	0	0.0000
1465	5	93	0	0.0000
1466	5	85	0	0.0000
1467	5	92	0	0.0000
1468	5	97	0	0.0000
1469	5	88	0	0.0000
1470	5	91	0	0.0000
1471	5	100	0	0.0000
1472	5	96	0	0.0000
1473	5	96	0	0.0000
1474	5	98	0	0.0000
1475	5	97	0	0.0000
1476	5	99	0	0.0000
1477	5	98	0	0.0000
1478	5	100	0	0.0000
1479	5	99	0	0.0000
1480	5	99	0	0.0000
1481	2	0	0	0.0000
1482	6	85	0	0.0000
1483	2	0	0	0.0000
1484	5	87	0	0.1751
1485	6	78	0	0.1616
1486	6	68	0	0.1943
1487	5	80	0	0.0000
1488	5	100	0	0.0000
1489	5	87	0	0.0000
1490	5	97	0	0.0000
1491	5	53	0	0.0000
1492	5	69	0	0.0000
1493	5	89	0	0.0000
1494	5	91	0	0.0000
1495	5	86	0	0.0000
1496	5	89	0	0.0000
1497	5	76	0	0.0000
1498	5	78	0	0.0000
1499	5	77	0	0.0000
1500	5	96	0	0.0000
1501	5	90	0	0.0000
1502	5	91	0	0.0000
1503	5	90	0	0.0000
1504	5	96	0	0.0000
1505	5	92	0	0.0000
1506	5	88	0	0.0000
1507	5	80	0	0.0000
1508	5	98	0	0.0000
1509	5	93	0	0.0000
1510	5	97	0	0.0000
1511	5	93	0	0.0000
1512	5	96	0	0.0000
1513	5	98	0	0.0000
1514	5	98	0	0.0000
1515	5	100	0	0.0000
1516	5	98	0	0.0000
1517	5	98	0	0.0000
1518	5	98	0	0.0000
1519	5	99	0	0.0000
1520	5	98	0	0.0000
1521	6	94	0	0.0000
1522	6	84	0	0.0000
1523	2	0	0	0.0000
1524	6	53	0	0.0000
1525	5	100	0	0.0000
1526	5	100	0	0.0000
1527	6	82	0	0.1816
1528	5	55	0	0.0000
1529	5	97	0	0.0000
1530	5	95	0	0.0117
1531	5	94	0	0.0000
1532	5	55	0	0.0000
1533	5	88	0	0.0000
1534	5	78	0	0.0000
1535	5	85	0	0.0000
1536	5	89	0	0.0000
1537	5	90	0	0.0000
1538	5	85	0	0.0000
1539	5	85	0	0.0000
1540	5	95	0	0.0000
1541	5	95	0	0.0000
1542	5	82	0	0.0000
1543	5	92	0	0.0000
1544	5	95	0	0.0000
1545	5	85	0	0.0000
1546	5	94	0	0.0000
1547	5	100	0	0.0000
1548	5	95	0	0.0000
1549	5	97	0	0.0000
1550	5	98	0	0.0000
1551	5	95	0	0.0000
1552	5	96	0	0.0000
1553	5	98	0	0.0000
1554	5	98	0	0.0000
1555	5	98	0	0.0000
1556	5	100	0	0.0000
1557	5	100	0	0.0000
1558	5	99	0	0.0000
1559	5	97	0	0.0000
1560	5	99	0	0.0000
1561	2	0	0	0.0000
1562	6	100	0	0.0000
1563	6	74	0	0.0000
1564	6	90	0	0.0000
1565	5	100	0	0.0000
1566	5	97	0	0.0159
1567	5	59	0	0.2662
1568	5	94	0	0.0241
1569	5	67	0	0.0000
1570	5	100	0	0.0000
1571	5	84	0	0.0000
1572	5	91	0	0.0000
1573	5	59	0	0.0000
1574	5	87	0	0.0000
1575	5	85	0	0.0000
1576	5	100	0	0.0000
1577	5	97	0	0.0000
1578	5	96	0	0.0000
1579	5	89	0	0.0000
1580	5	92	0	0.0000
1581	5	100	0	0.0000
1582	5	96	0	0.0000
1583	5	95	0	0.0000
1584	5	95	0	0.0000
1585	5	99	0	0.0000
1586	5	94	0	0.0000
1587	5	99	0	0.0000
1588	5	89	0	0.0000
1589	5	96	0	0.0000
1590	5	90	0	0.0000
1591	5	97	0	0.0000
1592	5	100	0	0.0000
1593	5	97	0	0.0000
1594	5	90	0	0.0000
1595	5	96	0	0.0000
1596	5	98	0	0.0000
1597	5	98	0	0.0000
1598	5	98	0	0.0000
1599	5	100	0	0.0000
1600	5	100	0	0.0000
1601	2	0	0	0.0000
1602	6	85	0	0.0000
1603	6	72	0	0.1117
1604	5	100	0	0.0066
1605	6	93	0	0.1584
1606	6	72	0	0.1792
1607	6	76	0	0.1449
1608	5	98	0	0.0000
1609	5	100	0	0.0000
1610	5	62	0	0.0000
1611	5	76	0	0.0000
1612	5	87	0	0.0000
1613	5	82	0	0.0000
1614	5	89	0	0.0000
1615	5	92	0	0.0000
1616	5	95	0	0.0000
1617	5	80	0	0.0000
1618	5	94	0	0.0000
1619	5	99	0	0.0000
1620	5	80	0	0.0000
1621	5	97	0	0.0000
1622	5	98	0	0.0000
1623	5	86	0	0.0000
1624	5	98	0	0.0000
1625	5	93	0	0.0000
1626	5	96	0	0.0000
1627	5	99	0	0.0000
1628	5	99	0	0.0000
1629	5	99	0	0.0000
1630	5	97	0	0.0000
1631	5	97	0	0.0000
1632	5	88	0	0.0000
1633	5	100	0	0.0000
1634	5	99	0	0.0000
1635	5	99	0	0.0000
1636	5	99	0	0.0000
1637	5	98	0	0.0000
1638	5	99	0	0.0000
1639	5	100	0	0.0000
1640	5	100	0	0.0000
1641	6	100	0	0.0000
1642	2	0	0	0.0000
1643	6	100	0	0.1074
1644	6	96	0	0.1088
1645	6	82	0	0.1857
1646	5	95	0	0.1691
1647	5	99	0	0.0000
1648	5	80	0	0.0000
1649	5	92	0	0.0000
1650	5	94	0	0.0000
1651	5	100	0	0.0000
1652	5	96	0	0.0000
1653	5	80	0	0.0000
1654	5	94	0	0.0000
1655	5	90	0	0.0000
1656	5	92	0	0.0000
1657	5	81	0	0.0000
1658	5	88	0	0.0000
1659	5	95	0	0.0000
1660	5	87	0	0.0000
1661	5	100	0	0.0000
1662	5	86	0	0.0000
1663	5	90	0	0.0000
1664	5	95	0	0.0000
1665	5	95	0	0.0000
1666	5	94	0	0.0000
1667	5	96	0	0.0000
1668	5	90	0	0.0000
1669	5	96	0	0.0000
1670	5	95	0	0.0000
1671	5	99	0	0.0000
1672	5	100	0	0.0000
1673	5	98	0	0.0000
1674	5	96	0	0.0000
1675	5	100	0	0.0000
1676	5	98	0	0.0000
1677	5	100	0	0.0000
1678	5	100	0	0.0000
1679	5	100	0	0.0000
1680	5	100	0	0.0000
1681	6	97	0	0.0000
1682	6	89	0	0.0000
1683	2	0	0	0.0000
1684	6	69	0	0.0000
1685	5	100	0	0.0000
1686	5	92	0	0.1833
1687	6	77	0	0.2458
1688	6	74	0	0.1509
1689	5	81	0	0.0000
1690	5	98	0	0.0000
1691	5	92	0	0.0000
1692	5	97	0	0.0000
1693	5	96	0	0.0000
1694	5	98	0	0.0000
1695	5	96	0	0.0000
1696	5	94	0	0.0000
1697	5	87	0	0.0000
1698	5	86	0	0.0000
1699	5	95	0	0.0000
1700	5	89	0	0.0000
1701	5	97	0	0.0000
1702	5	98	0	0.0000
1703	5	92	0	0.0000
1704	5	96	0	0.0000
1705	5	92	0	0.0000
1706	5	95	0	0.0000
1707	5	99	0	0.0000
1708	5	97	0	0.0000
1709	5	96	0	0.0000
1710	5	93	0	0.0000
1711	5	98	0	0.0000
1712	5	97	0	0.0000
1713	5	99	0	0.0000
1714	5	97	0	0.0000
1715	5	98	0	0.0000
1716	5	100	0	0.0000
1717	5	99	0	0.0000
1718	5	100	0	0.0000
1719	5	100	0	0.0000
1720	5	98	0	0.0000
1721	2	0	0	0.0000
1722	6	86	0	0.0000
1723	6	81	0	0.0000
1724	2	0	0	0.0000
1725	6	80	0	0.1709
1726	5	96	0	0.0000
1727	6	69	0	0.1836
1728	5	99	0	0.0000
1729	5	98	0	0.0000
1730	5	97	0	0.0000
1731	5	100	0	0.0000
1732	5	100	0	0.0000
1733	5	99	0	0.0000
1734	5	95	0	0.0000
1735	5	72	0	0.0000
1736	5	96	0	0.0000
1737	5	95	0	0.0000
1738	5	96	0	0.0000
1739	5	95	0	0.0000
1740	5	92	0	0.0000
1741	5	93	0	0.0000
1742	5	94	0	0.0000
1743	5	95	0	0.0000
1744	5	96	0	0.0000
1745	5	96	0	0.0000
1746	5	95	0	0.0000
1747	5	94	0	0.0000
1748	5	99	0	0.0000
1749	5	94	0	0.0000
1750	5	95	0	0.0000
1751	5	97	0	0.0000
1752	5	100	0	0.0000
1753	5	100	0	0.0000
1754	5	100	0	0.0000
1755	5	99	0	0.0000
1756	5	99	0	0.0000
1757	5	99	0	0.0000
1758	5	98	0	0.0000
1759	5	100	0	0.0000
1760	5	100	0	0.0000
1761	2	0	0	0.0000
1762	6	87	0	0.0000
1763	6	100	0	0.1379
1764	6	93	0	0.1182
1765	6	94	0	0.1452
1766	5	98	0	0.0000
1767	5	93	0	0.0000
1768	5	94	0	0.0000
1769	5	55	0	0.0000
1770	5	99	0	0.0000
1771	5	99	0	0.0000
1772	5	95	0	0.0000
1773	5	95	0	0.0000
1774	5	88	0	0.0000
1775	5	77	0	0.0211
1776	5	95	0	0.0000
1777	5	99	0	0.0000
1778	5	87	0	0.0000
1779	5	98	0	0.0000
1780	5	90	0	0.0000
1781	5	89	0	0.0000
1782	5	96	0	0.0000
1783	5	97	0	0.0000
1784	5	96	0	0.0000
1785	5	98	0	0.0000
1786	5	99	0	0.0000
1787	5	92	0	0.0000
1788	5	97	0	0.0000
1789	5	84	0	0.0000
1790	5	99	0	0.0000
1791	5	99	0	0.0000
1792	5	95	0	0.0000
1793	5	98	0	0.0000
1794	5	99	0	0.0000
1795	5	99	0	0.0000
1796	5	100	0	0.0000
1797	5	97	0	0.0000
1798	5	98	0	0.0000
1799	5	99	0	0.0000
1800	5	99	0	0.0000
1801	2	0	0	0.0000
1802	2	0	0	0.0000
1803	2	0	0	0.0000
1804	6	58	0	0.0000
1805	6	95	0	0.1718
1806	5	100	0	0.0000
1807	5	100	0	0.0000
1808	5	99	0	0.1658
1809	5	100	0	0.0000
1810	5	100	0	0.0000
1811	5	92	0	0.0000
1812	5	85	0	0.0000
1813	5	83	0	0.0000
1814	5	99	0	0.0000
1815	5	86	0	0.0000
1816	5	81	0	0.0000
1817	5	92	0	0.0000
1818	5	94	0	0.0000
1819	5	83	0	0.0000
1820	5	98	0	0.0000
1821	5	96	0	0.0000
1822	5	92	0	0.0000
1823	5	92	0	0.0000
1824	5	95	0	0.0000
1825	5	89	0	0.0000
1826	5	100	0	0.0000
1827	5	98	0	0.0000
1828	5	96	0	0.0000
1829	5	98	0	0.0000
1830	5	94	0	0.0000
1831	5	99	0	0.0000
1832	5	98	0	0.0000
1833	5	99	0	0.0000
1834	5	99	0	0.0000
1835	5	100	0	0.0000
1836	5	100	0	0.0000
1837	5	100	0	0.0000
1838	5	100	0	0.0000
1839	5	98	0	0.0000
1840	5	100	0	0.0000
1841	6	100	0	0.0000
1842	2	0	0	0.0000
1843	6	98	0	0.0000
1844	5	100	0	0.0145
1845	5	100	0	0.0000
1846	5	100	0	0.0000
1847	6	99	0	0.1369
1848	5	100	0	0.0000
1849	5	100	0	0.0000
1850	5	95	0	0.0000
1851	5	83	0	0.0000
1852	5	98	0	0.0000
1853	5	91	0	0.0000
1854	5	97	0	0.0000
1855	5	86	0	0.0000
1856	5	86	0	0.0000
1857	5	90	0	0.0189
1858	5	96	0	0.0000
1859	5	98	0	0.0000
1860	5	96	0	0.0000
1861	5	92	0	0.0000
1862	5	100	0	0.0000
1863	5	92	0	0.0000
1864	5	95	0	0.0000
1865	5	92	0	0.0000
1866	5	93	0	0.0000
1867	5	98	0	0.0000
1868	5	99	0	0.0000
1869	5	97	0	0.0000
1870	5	92	0	0.0000
1871	5	100	0	0.0000
1872	5	96	0	0.0000
1873	5	99	0	0.0000
1874	5	97	0	0.0000
1875	5	100	0	0.0000
1876	5	99	0	0.0000
1877	5	100	0	0.0000
1878	5	100	0	0.0000
1879	5	98	0	0.0000
1880	5	100	0	0.0000
1881	2	0	0	0.0000
1882	2	0	0	0.0000
1883	6	100	0	0.1289
1884	2	0	0	0.0000
1885	6	96	0	0.1511
1886	5	100	0	0.0000
1887	6	83	0	0.2578
1888	5	76	0	0.0000
1889	5	58	0	0.0000
1890	5	87	0	0.0000
1891	5	100	0	0.0000
1892	5	80	0	0.0000
1893	5	96	0	0.0000
1894	5	100	0	0.0000
1895	5	89	0	0.0000
1896	5	100	0	0.0000
1897	5	92	0	0.0000
1898	5	93	0	0.0286
1899	5	100	0	0.0000
1900	5	89	0	0.0000
1901	5	93	0	0.0000
1902	5	97	0	0.0000
1903	5	98	0	0.0000
1904	5	87	0	0.0000
1905	5	97	0	0.0000
1906	5	97	0	0.0000
1907	5	100	0	0.0000
1908	5	98	0	0.0000
1909	5	99	0	0.0000
1910	5	99	0	0.0000
1911	5	98	0	0.0000
1912	5	100	0	0.0000
1913	5	98	0	0.0000
1914	5	100	0	0.0000
1915	5	100	0	0.0000
1916	5	98	0	0.0000
1917	5	98	0	0.0000
1918	5	100	0	0.0000
1919	5	100	0	0.0000
1920	5	100	0	0.0000
1921	6	100	0	0.0000
1922	2	0	0	0.0000
1923	6	100	0	0.1499
1924	6	64	0	0.0000
1925	6	99	0	0.0807
1926	5	98	0	0.0000
1927	5	100	0	0.0000
1928	5	98	0	0.0157
1929	5	100	0	0.0000
1930	5	93	0	0.0000
1931	5	100	0	0.0000
1932	5	90	0	0.0220
1933	5	100	0	0.0000
1934	5	99	0	0.0000
1935	5	98	0	0.0000
1936	5	97	0	0.0000
1937	5	97	0	0.0000
1938	5	99	0	0.0000
1939	5	93	0	0.0000
1940	5	96	0	0.0000
1941	5	97	0	0.0000
1942	5	95	0	0.0000
1943	5	92	0	0.0000
1944	5	98	0	0.0000
1945	5	100	0	0.0000
1946	5	99	0	0.0000
1947	5	98	0	0.0000
1948	5	100	0	0.0000
1949	5	93	0	0.0000
1950	5	98	0	0.0000
1951	5	98	0	0.0000
1952	5	100	0	0.0000
1953	5	100	0	0.0000
1954	5	100	0	0.0000
1955	5	98	0	0.0000
1956	5	100	0	0.0000
1957	5	100	0	0.0000
1958	5	100	0	0.0000
1959	5	100	0	0.0000
1960	5	99	0	0.0000
1961	2	0	0	0.0000
1962	6	91	0	0.0000
1963	6	100	0	0.0000
1964	5	99	0	0.1744
1965	6	97	0	0.0000
1966	5	99	0	0.0000
1967	5	79	0	0.0000
1968	5	97	0	0.0000
1969	5	97	0	0.1546
1970	5	98	0	0.0000
1971	5	100	0	0.0000
1972	5	100	0	0.0000
1973	5	92	0	0.0000
1974	5	99	0	0.0000
1975	5	98	0	0.0000
1976	5	99	0	0.0000
1977	5	96	0	0.0000
1978	5	89	0	0.0000
1979	5	100	0	0.0000
1980	5	96	0	0.0000
1981	5	90	0	0.0000
1982	5	98	0	0.0000
1983	5	98	0	0.0000
1984	5	97	0	0.0000
1985	5	97	0	0.0000
1986	5	100	0	0.0000
1987	5	95	0	0.0000
1988	5	98	0	0.0000
1989	5	98	0	0.0000
1990	5	98	0	0.0000
1991	5	97	0	0.0000
1992	5	100	0	0.0000
1993	5	100	0	0.0000
1994	5	100	0	0.0000
1995	5	96	0	0.0000
1996	5	100	0	0.0000
1997	5	100	0	0.0000
1998	5	100	0	0.0000
1999	5	100	0	0.0000
2000	5	100	0	0.0000
2001	6	100	0	0.0000
2002	6	90	0	0.0000
2003	6	100	0	0.1391
2004	6	83	0	0.0000
2005	5	100	0	0.1605
2006	5	100	0	0.0000
2007	6	93	0	0.1894
2008	5	100	0	0.0000
2009	5	98	0	0.0000
2010	5	100	0	0.0000
2011	5	91	0	0.0000
2012	5	98	0	0.0000
2013	5	99	0	0.0000
2014	5	97	0	0.0000
2015	5	97	0	0.0000
2016	5	93	0	0.0000
2017	5	100	0	0.0000
2018	5	97	0	0.0000
2019	5	96	0	0.0000
2020	5	90	0	0.0000
2021	5	98	0	0.0000
2022	5	98	0	0.0000
2023	5	97	0	0.0000
2024	5	99	0	0.0000
2025	5	96	0	0.0000
2026	5	100	0	0.0000
2027	5	100	0	0.0000
2028	5	99	0	0.0000
2029	5	97	0	0.0000
2030	5	100	0	0.0000
2031	5	99	0	0.0000
2032	5	99	0	0.0000
2033	5	100	0	0.0000
2034	5	99	0	0.0000
2035	5	100	0	0.0000
2036	5	98	0	0.0000
2037	5	100	0	0.0000
2038	5	100	0	0.0000
2039	5	100	0	0.0000
2040	5	100	0	0.0000
2041	6	100	0	0.0000
2042	6	92	0	0.0000
2043	6	100	0	0.0000
2044	5	100	0	0.0000
2045	6	96	0	0.0975
2046	5	100	0	0.0000
2047	5	100	0	0.0000
2048	5	96	0	0.0000
2049	6	78	0	0.2202
2050	5	100	0	0.0000
2051	5	87	0	0.1963
2052	5	97	0	0.0000
2053	5	98	0	0.0000
2054	5	99	0	0.0000
2055	5	100	0	0.0000
2056	5	99	0	0.0000
2057	5	99	0	0.0000
2058	5	97	0	0.0000
2059	5	100	0	0.0000
2060	5	94	0	0.0000
2061	5	98	0	0.0000
2062	5	90	0	0.0000
2063	5	95	0	0.0000
2064	5	99	0	0.0000
2065	5	94	0	0.0000
2066	5	98	0	0.0000
2067	5	99	0	0.0000
2068	5	100	0	0.0000
2069	5	99	0	0.0000
2070	5	99	0	0.0000
2071	5	98	0	0.0000
2072	5	100	0	0.0000
2073	5	100	0	0.0000
2074	5	99	0	0.0000
2075	5	100	0	0.0000
2076	5	100	0	0.0000
2077	5	99	0	0.0000
2078	5	100	0	0.0000
2079	5	100	0	0.0000
2080	5	99	0	0.0000
2081	2	0	0	0.0000
2082	6	98	0	0.0000
2083	6	86	0	0.0000
2084	5	100	0	0.0000
2085	6	79	0	0.0000
2086	5	100	0	0.0000
2087	6	94	0	0.2145
2088	5	100	0	0.0000
2089	5	100	0	0.0079
2090	5	100	0	0.0000
2091	5	100	0	0.0000
2092	5	98	0	0.0000
2093	5	100	0	0.0000
2094	5	100	0	0.0000
2095	5	100	0	0.0000
2096	5	100	0	0.0000
2097	5	91	0	0.0000
2098	5	100	0	0.0000
2099	5	91	0	0.0000
2100	5	100	0	0.0000
2101	5	100	0	0.0000
2102	5	100	0	0.0000
2103	5	96	0	0.0000
2104	5	97	0	0.0000
2105	5	98	0	0.0000
2106	5	99	0	0.0000
2107	5	89	0	0.0000
2108	5	99	0	0.0000
2109	5	100	0	0.0000
2110	5	97	0	0.0000
2111	5	98	0	0.0000
2112	5	100	0	0.0000
2113	5	99	0	0.0000
2114	5	99	0	0.0000
2115	5	99	0	0.0000
2116	5	100	0	0.0000
2117	5	98	0	0.0000
2118	5	97	0	0.0000
2119	5	100	0	0.0000
2120	5	100	0	0.0000
2121	6	100	0	0.0000
2122	2	0	0	0.0000
2123	5	100	0	0.0000
2124	2	0	0	NaN
2125	5	100	0	0.0092
2126	6	100	0	0.1045
2127	5	100	0	0.0000
2128	6	81	0	0.1942
2129	5	75	0	0.0000
2130	5	98	0	0.0124
2131	5	100	0	0.0000
2132	5	80	0	0.0000
2133	5	100	0	0.0000
2134	5	100	0	0.0000
2135	5	97	0	0.0000
2136	5	96	0	0.0000
2137	5	100	0	0.0036
2138	5	100	0	0.0000
2139	5	99	0	0.0000
2140	5	99	0	0.0000
2141	5	96	0	0.0000
2142	5	96	0	0.0000
2143	5	90	0	0.0000
2144	5	100	0	0.0000
2145	5	99	0	0.0000
2146	5	96	0	0.0000
2147	5	98	0	0.0000
2148	5	97	0	0.0000
2149	5	99	0	0.0000
2150	5	100	0	0.0000
2151	5	100	0	0.0000
2152	5	100	0	0.0000
2153	5	100	0	0.0000
2154	5	100	0	0.0000
2155	5	99	0	0.0000
2156	5	100	0	0.0000
2157	5	99	0	0.0000
2158	5	100	0	0.0000
2159	5	100	0	0.0000
2160	5	99	0	0.0000
2161	2	0	0	0.0000
2162	6	100	0	0.1204
2163	6	90	0	0.0000
2164	6	98	0	0.0000
2165	5	100	0	0.1652
2166	5	99	0	0.0000
2167	5	100	0	0.0000
2168	5	100	0	0.0000
2169	5	98	0	0.0000
2170	5	97	0	0.0131
2171	5	100	0	0.0000
2172	5	97	0	0.0000
2173	5	100	0	0.0000
2174	5	100	0	0.0000
2175	5	98	0	0.0000
2176	5	100	0	0.0000
2177	5	100	0	0.0000
2178	5	87	0	0.0000
2179	5	99	0	0.0000
2180	5	88	0	0.0000
2181	5	96	0	0.0000
2182	5	98	0	0.0000
2183	5	98	0	0.0000
2184	5	97	0	0.0000
2185	5	90	0	0.0000
2186	5	98	0	0.0000
2187	5	100	0	0.0000
2188	5	96	0	0.0000
2189	5	98	0	0.0000
2190	5	99	0	0.0000
2191	5	100	0	0.0000
2192	5	99	0	0.0000
2193	5	100	0	0.0000
2194	5	99	0	0.0000
2195	5	100	0	0.0000
2196	5	100	0	0.0000
2197	5	100	0	0.0000
2198	5	100	0	0.0000
2199	5	98	0	0.0000
2200	5	100	0	0.0000
2201	2	0	0	0.0000
2202	6	100	0	0.0000
2203	6	97	0	0.0000
2204	6	65	0	0.0000
2205	5	100	0	0.0000
2206	5	99	0	0.0000
2207	6	84	0	0.1669
2208	5	100	0	0.0000
2209	5	100	0	0.0000
2210	5	100	0	0.0000
2211	5	100	0	0.0000
2212	5	100	0	0.0000
2213	5	100	0	0.0000
2214	5	100	0	0.0000
2215	5	99	0	0.0000
2216	5	100	0	0.0000
2217	5	100	0	0.0000
2218	5	100	0	0.0000
2219	5	100	0	0.0000
2220	5	99	0	0.0000
2221	5	100	0	0.0000
2222	5	100	0	0.0000
2223	5	98	0	0.0000
2224	5	100	0	0.0000
2225	5	99	0	0.0000
2226	5	99	0	0.0000
2227	5	93	0	0.0000
2228	5	98	0	0.0000
2229	5	100	0	0.0000
2230	5	100	0	0.0000
2231	5	100	0	0.0000
2232	5	100	0	0.0000
2233	5	100	0	0.0000
2234	5	100	0	0.0000
2235	5	100	0	0.0000
2236	5	100	0	0.0000
2237	5	100	0	0.0000
2238	5	100	0	0.0000
2239	5	100	0	0.0000
2240	5	100	0	0.0000
2241	6	100	0	0.0000
2242	6	96	0	0.0000
2243	6	87	0	0.0000
2244	6	85	0	0.0000
2245	5	100	0	0.0000
2246	6	76	0	0.0000
2247	5	100	0	0.0000
2248	5	100	0	0.0000
2249	5	100	0	0.0000
2250	5	100	0	0.0000
2251	5	100	0	0.0000
2252	5	100	0	0.0000
2253	5	100	0	0.0000
2254	5	100	0	0.0000
2255	5	100	0	0.0000
2256	5	94	0	0.0000
2257	5	99	0	0.0000
2258	5	97	0	0.0000
2259	5	98	0	0.0000
2260	5	99	0	0.0000
2261	5	99	0	0.0000
2262	5	97	0	0.0000
2263	5	94	0	0.0000
2264	5	94	0	0.0000
2265	5	99	0	0.0000
2266	5	100	0	0.0000
2267	5	98	0	0.0000
2268	5	97	0	0.0000
2269	5	96	0	0.0000
2270	5	100	0	0.0000
2271	5	100	0	0.0000
2272	5	100	0	0.0000
2273	5	100	0	0.0000
2274	5	100	0	0.0000
2275	5	100	0	0.0000
2276	5	100	0	0.0000
2277	5	100	0	0.0000
2278	5	100	0	0.0000
2279	5	99	0	0.0000
2280	5	100	0	0.0000
2281	6	100	0	0.0000
2282	2	0	0	0.0000
2283	5	100	0	0.0000
2284	6	99	0	0.1159
2285	6	96	0	0.1142
2286	5	100	0	0.0000
2287	5	100	0	0.0000
2288	5	100	0	0.0000
2289	5	99	0	0.0000
2290	5	100	0	0.0071
2291	5	100	0	0.0000
2292	5	100	0	0.0000
2293	5	94	0	0.0000
2294	5	93	0	0.0000
2295	5	100	0	0.0000
2296	5	98	0	0.0000
2297	5	87	0	0.0000
2298	5	100	0	0.0000
2299	5	97	0	0.0000
2300	5	99	0	0.0000
2301	5	98	0	0.0000
2302	5	98	0	0.0000
2303	5	100	0	0.0000
2304	5	100	0	0.0000
2305	5	100	0	0.0000
2306	5	97	0	0.0000
2307	5	100	0	0.0000
2308	5	100	0	0.0000
2309	5	99	0	0.0000
2310	5	98	0	0.0000
2311	5	100	0	0.0000
2312	5	100	0	0.0000
2313	5	100	0	0.0000
2314	5	100	0	0.0000
2315	5	100	0	0.0000
2316	5	100	0	0.0000
2317	5	100	0	0.0000
2318	5	99	0	0.0000
2319	5	100	0	0.0000
2320	5	100	0	0.0000
2321	6	100	0	0.0000
2322	6	99	0	0.0000
2323	6	93	0	0.0000
2324	6	98	0	0.1336
2325	6	98	0	0.1207
2326	5	100	0	0.0000
2327	6	99	0	0.0809
2328	5	100	0	0.0000
2329	5	100	0	0.0000
2330	5	97	0	0.0000
2331	5	100	0	0.0000
2332	5	100	0	0.0000
2333	5	100	0	0.0000
2334	5	100	0	0.0000
2335	5	100	0	0.0000
2336	5	88	0	0.0000
2337	5	100	0	0.0000
2338	5	90	0	0.0000
2339	5	98	0	0.0000
2340	5	99	0	0.0000
2341	5	100	0	0.0000
2342	5	95	0	0.0000
2343	5	99	0	0.0000
2344	5	99	0	0.0000
2345	5	99	0	0.0000
2346	5	100	0	0.0000
2347	5	100	0	0.0000
2348	5	100	0	0.0000
2349	5	100	0	0.0000
2350	5	100	0	0.0000
2351	5	99	0	0.0000
2352	5	100	0	0.0000
2353	5	99	0	0.0000
2354	5	100	0	0.0000
2355	5	99	0	0.0000
2356	5	100	0	0.0000
2357	5	100	0	0.0000
2358	5	100	0	0.0000
2359	5	100	0	0.0000
2360	5	100	0	0.0000
2361	6	100	0	0.0000
2362	2	0	0	0.0000
2363	6	100	0	0.0000
2364	6	99	0	0.1414
2365	5	100	0	0.0000
2366	5	98	0	0.1730
2367	5	100	0	0.0000
2368	5	100	0	0.0000
2369	5	100	0	0.0000
2370	5	100	0	0.0000
2371	5	100	0	0.0092
2372	5	100	0	0.0000
2373	5	94	0	0.1326
2374	5	99	0	0.0000
2375	5	100	0	0.0000
2376	5	99	0	0.0000
2377	5	99	0	0.0000
2378	5	96	0	0.0000
2379	5	99	0	0.0000
2380	5	100	0	0.0000
2381	5	99	0	0.0000
2382	5	100	0	0.0000
2383	5	100	0	0.0000
2384	5	100	0	0.0000
2385	5	99	0	0.0000
2386	5	96	0	0.0000
2387	5	100	0	0.0000
2388	5	99	0	0.0000
2389	5	100	0	0.0000
2390	5	100	0	0.0000
2391	5	100	0	0.0000
2392	5	99	0	0.0000
2393	5	100	0	0.0000
2394	5	99	0	0.0000
2395	5	100	0	0.0000
2396	5	100	0	0.0000
2397	5	100	0	0.0000
2398	5	100	0	0.0000
2399	5	100	0	0.0000
2400	5	100	0	0.0000
2401	2	0	0	0.0000
2402	6	100	0	0.0000
2403	6	96	0	0.0000
2404	5	100	0	0.0000
2405	6	100	0	0.1386
2406	5	100	0	0.0000
2407	5	100	0	0.0000
2408	6	98	0	0.1368
2409	5	100	0	0.1676
2410	5	100	0	0.0000
2411	5	100	0	0.0000
2412	5	99	0	0.0000
2413	5	99	0	0.0000
2414	5	100	0	0.0000
2415	5	100	0	0.0000
2416	5	99	0	0.0000
2417	5	100	0	0.0000
2418	5	100	0	0.0000
2419	5	97	0	0.0000
2420	5	99	0	0.0000
2421	5	100	0	0.0000
2422	5	95	0	0.0000
2423	5	99	0	0.0000
2424	5	99	0	0.0000
2425	5	99	0	0.0000
2426	5	100	0	0.0000
2427	5	100	0	0.0000
2428	5	100	0	0.0000
2429	5	99	0	0.0000
2430	5	100	0	0.0000
2431	5	100	0	0.0000
2432	5	100	0	0.0000
2433	5	100	0	0.0000
2434	5	100	0	0.0000
2435	5	100	0	0.0000
2436	5	100	0	0.0000
2437	5	100	0	0.0000
2438	5	100	0	0.0000
2439	5	100	0	0.0000
2440	5	100	0	0.0000
2441	6	100	0	0.0000
2442	6	100	0	0.0000
2443	5	100	0	0.0000
2444	6	99	0	0.1219
2445	6	86	0	0.0000
2446	6	90	0	0.1943
2447	5	100	0	0.0000
2448	5	100	0	0.0131
2449	5	100	0	0.0000
2450	5	100	0	0.0000
2451	5	100	0	0.0000
2452	5	99	0	0.0000
2453	5	83	0	0.0245
2454	5	100	0	0.0000
2455	5	100	0	0.0000
2456	5	100	0	0.0000
2457	5	100	0	0.0000
2458	5	100	0	0.0000
2459	5	99	0	0.0000
2460	5	100	0	0.0000
2461	5	99	0	0.0000
2462	5	87	0	0.0000
2463	5	100	0	0.0000
2464	5	96	0	0.0000
2465	5	100	0	0.0000
2466	5	100	0	0.0000
2467	5	100	0	0.0000
2468	5	100	0	0.0000
2469	5	100	0	0.0000
2470	5	100	0	0.0000
2471	5	100	0	0.0000
2472	5	100	0	0.0000
2473	5	100	0	0.0000
2474	5	99	0	0.0000
2475	5	100	0	0.0000
2476	5	100	0	0.0000
2477	5	100	0	0.0000
2478	5	100	0	0.0000
2479	5	100	0	0.0000
2480	5	100	0	0.0000
2481	2	0	0	0.0000
2482	2	0	0	0.0000
2483	6	98	0	0.0000
2484	5	100	0	0.0000
2485	5	100	0	0.0000
2486	6	100	0	0.1230
2487	5	100	0	0.0000
2488	5	100	0	0.0000
2489	5	100	0	0.0000
2490	5	100	0	0.0000
2491	5	97	0	0.0000
2492	5	100	0	0.0000
2493	5	100	0	0.0000
2494	5	100	0	0.0000
2495	5	99	0	0.0000
2496	5	100	0	0.0000
2497	5	99	0	0.0000
2498	5	98	0	0.0000
2499	5	100	0	0.0000
2500	5	100	0	0.0000
2501	5	100	0	0.0000
2502	5	98	0	0.0000
2503	5	100	0	0.0000
2504	5	98	0	0.0000
2505	5	100	0	0.0000
2506	5	100	0	0.0000
2507	5	95	0	0.0000
2508	5	100	0	0.0000
2509	5	100	0	0.0000
2510	5	100	0	0.0000
2511	5	100	0	0.0000
2512	5	100	0	0.0000
2513	5	100	0	0.0000
2514	5	100	0	0.0000
2515	5	100	0	0.0000
2516	5	95	0	0.0000
2517	5	100	0	0.0000
2518	5	100	0	0.0000
2519	5	100	0	0.0000
2520	5	100	0	0.0000
2521	6	100	0	0.0000
2522	6	100	0	0.0000
2523	6	100	0	0.1341
2524	5	100	0	0.0000
2525	5	100	0	0.0000
2526	6	99	0	0.1081
2527	5	100	0	0.0000
2528	5	100	0	0.0000
2529	5	99	0	0.0000
2530	5	100	0	0.0000
2531	5	98	0	0.0000
2532	5	99	0	0.0000
2533	5	100	0	0.0000
2534	5	99	0	0.0000
2535	5	100	0	0.0000
2536	5	99	0	0.0000
2537	5	100	0	0.0000
2538	5	100	0	0.0000
2539	5	100	0	0.0000
2540	5	99	0	0.0000
2541	5	97	0	0.0000
2542	5	100	0	0.0000
2543	5	97	0	0.0000
2544	5	96	0	0.0000
2545	5	100	0	0.0000
2546	5	100	0	0.0000
2547	5	98	0	0.0000
2548	5	99	0	0.0000
2549	5	100	0	0.0000
2550	5	100	0	0.0000
2551	5	100	0	0.0000
2552	5	100	0	0.0000
2553	5	100	0	0.0000
2554	5	100	0	0.0000
2555	5	100	0	0.0000
2556	5	99	0	0.0000
2557	5	100	0	0.0000
2558	5	100	0	0.0000
2559	5	100	0	0.0000
2560	5	100	0	0.0000
2561	6	100	0	0.0000
2562	2	0	0	0.0000
2563	6	100	0	0.0000
2564	6	100	0	0.1129
2565	6	100	0	0.1128
2566	5	100	0	0.0000
2567	6	100	0	0.1411
2568	5	100	0	0.0000
2569	5	100	0	0.0000
2570	5	100	0	0.0000
2571	5	100	0	0.0000
2572	5	100	0	0.0000
2573	5	100	0	0.0113
2574	5	99	0	0.0000
2575	5	100	0	0.0076
2576	5	100	0	0.0000
2577	5	100	0	0.0000
2578	5	100	0	0.0000
2579	5	100	0	0.0000
2580	5	100	0	0.0000
2581	5	100	0	0.0000
2582	5	100	0	0.0000
2583	5	100	0	0.0000
2584	5	98	0	0.0000
2585	5	100	0	0.0000
2586	5	98	0	0.0000
2587	5	99	0	0.0000
2588	5	100	0	0.0000
2589	5	99	0	0.0000
2590	5	97	0	0.0000
2591	5	100	0	0.0000
2592	5	100	0	0.0000
2593	5	100	0	0.0000
2594	5	100	0	0.0000
2595	5	100	0	0.0000
2596	5	100	0	0.0000
2597	5	100	0	0.0000
2598	5	100	0	0.0000
2599	5	100	0	0.0000
2600	5	100	0	0.0000
2601	6	100	0	0.0000
2602	6	100	0	0.0000
2603	6	100	0	0.0000
2604	6	91	0	0.0000
2605	6	100	0	0.0958
2606	5	100	0	0.0000
2607	5	100	0	0.0000
2608	5	100	0	0.0000
2609	5	100	0	0.0000
2610	5	100	0	0.0000
2611	5	100	0	0.0000
2612	5	100	0	0.0000
2613	5	100	0	0.0000
2614	5	99	0	0.0000
2615	5	100	0	0.0000
2616	5	100	0	0.0000
2617	5	99	0	0.0000
2618	5	100	0	0.0000
2619	5	100	0	0.0000
2620	5	100	0	0.0000
2621	5	100	0	0.0000
2622	5	100	0	0.0000
2623	5	98	0	0.0000
2624	5	100	0	0.0000
2625	5	100	0	0.0000
2626	5	100	0	0.0000
2627	5	100	0	0.0000
2628	5	99	0	0.0000
2629	5	100	0	0.0000
2630	5	100	0	0.0000
2631	5	99	0	0.0000
2632	5	99	0	0.0000
2633	5	100	0	0.0000
2634	5	100	0	0.0000
2635	5	100	0	0.0000
2636	5	100	0	0.0000
2637	5	100	0	0.0000
2638	5	100	0	0.0000
2639	5	100	0	0.0000
2640	5	100	0	0.0000
2641	6	100	0	0.0000
2642	6	100	0	0.0000
2643	2	0	0	0.0000
2644	5	100	0	0.0000
2645	6	100	0	0.1293
2646	5	100	0	0.0000
2647	5	100	0	0.0000
2648	5	100	0	0.0000
2649	5	100	0	0.0000
2650	5	100	0	0.0000
2651	5	100	0	0.0181
2652	5	100	0	0.0000
2653	5	100	0	0.0104
2654	5	100	0	0.0099
2655	5	100	0	0.0000
2656	5	100	0	0.0000
2657	5	99	0	0.0000
2658	5	100	0	0.0074
2659	5	100	0	0.0035
2660	5	100	0	0.0000
2661	5	100	0	0.0000
2662	5	100	0	0.0000
2663	5	97	0	0.0000
2664	5	99	0	0.0000
2665	5	97	0	0.0000
2666	5	100	0	0.0000
2667	5	98	0	0.0000
2668	5	99	0	0.0000
2669	5	100	0	0.0000
2670	5	100	0	0.0000
2671	5	100	0	0.0000
2672	5	100	0	0.0000
2673	5	96	0	0.0000
2674	5	100	0	0.0000
2675	5	100	0	0.0000
2676	5	100	0	0.0000
2677	5	100	0	0.0101
2678	5	100	0	0.0000
2679	5	100	0	0.0000
2680	5	100	0	0.0000
2681	2	0	0	0.0000
2682	6	100	0	0.0000
2683	6	100	0	0.0000
2684	2	0	0	0.0000
2685	5	100	0	0.0000
2686	6	88	0	0.0000
2687	5	100	0	0.0000
2688	5	100	0	0.0092
2689	5	100	0	0.0000
2690	5	100	0	0.0000
2691	5	100	0	0.0053
2692	5	100	0	0.0000
2693	5	100	0	0.0000
2694	5	100	0	0.0000
2695	5	100	0	0.0000
2696	5	100	0	0.0000
2697	5	100	0	0.0000
2698	5	96	0	0.0000
2699	5	100	0	0.0000
2700	5	100	0	0.0000
2701	5	100	0	0.0000
2702	5	100	0	0.0000
2703	5	100	0	0.0000
2704	5	98	0	0.0062
2705	5	99	0	0.0000
2706	5	100	0	0.0000
2707	5	99	0	0.0000
2708	5	100	0	0.0000
2709	5	100	0	0.0000
2710	5	100	0	0.0000
2711	5	100	0	0.0000
2712	5	99	0	0.0000
2713	5	100	0	0.0000
2714	5	100	0	0.0000
2715	5	100	0	0.0000
2716	5	100	0	0.0122
2717	5	100	0	0.0000
2718	5	100	0	0.0000
2719	5	100	0	0.0000
2720	5	100	0	0.0000
2721	6	100	0	0.0000
2722	6	100	0	0.0000
2723	6	100	0	0.0000
2724	6	99	0	0.1162
2725	6	88	0	0.0000
2726	5	100	0	0.0000
2727	5	100	0	0.0000
2728	5	100	0	0.0173
2729	5	99	0	0.0044
2730	5	100	0	0.0000
2731	5	100	0	0.0000
2732	5	100	0	0.0096
2733	5	100	0	0.0000
2734	5	100	0	0.0000
2735	5	100	0	0.0000
2736	5	100	0	0.0000
2737	5	100	0	0.0000
2738	5	99	0	0.0000
2739	5	100	0	0.0000
2740	5	100	0	0.0050
2741	5	100	0	0.0000
2742	5	98	0	0.0000
2743	5	100	0	0.0000
2744	5	100	0	0.0000
2745	5	100	0	0.0092
2746	5	99	0	0.0000
2747	5	99	0	0.0000
2748	5	100	0	0.0000
2749	5	100	0	0.0000
2750	5	100	0	0.0000
2751	5	100	0	0.0000
2752	5	100	0	0.0000
2753	5	100	0	0.0000
2754	5	100	0	0.0000
2755	5	100	0	0.0000
2756	5	100	0	0.0000
2757	5	100	0	0.0000
2758	5	100	0	0.0000
2759	5	100	0	0.0000
2760	5	100	0	0.0000
2761	2	0	0	0.0000
2762	6	100	0	0.0000
2763	6	98	0	0.0000
2764	5	100	0	0.0000
2765	5	100	0	0.1524
2766	5	100	0	0.0171
2767	5	100	0	0.0142
2768	5	100	0	0.0000
2769	6	70	0	0.0000
2770	5	100	0	0.0000
2771	5	100	0	0.0000
2772	5	100	0	0.0000
2773	5	100	0	0.0000
2774	5	100	0	0.0000
2775	5	99	0	0.0000
2776	5	100	0	0.0000
2777	5	100	0	0.0000
2778	5	99	0	0.0000
2779	5	100	0	0.0000
2780	5	100	0	0.0000
2781	5	99	0	0.0000
2782	5	100	0	0.0070
2783	5	100	0	0.0000
2784	5	100	0	0.0000
2785	5	100	0	0.0000
2786	5	100	0	0.0000
2787	5	100	0	0.0000
2788	5	100	0	0.0000
2789	5	100	0	0.0000
2790	5	100	0	0.0000
2791	5	100	0	0.0000
2792	5	100	0	0.0000
2793	5	100	0	0.0000
2794	5	100	0	0.0000
2795	5	100	0	0.0000
2796	5	100	0	0.0000
2797	5	100	0	0.0000
2798	5	100	0	0.0000
2799	5	100	0	0.0000
2800	5	100	0	0.0000
2801	2	0	0	0.0000
2802	6	100	0	0.0000
2803	6	100	0	0.0000
2804	2	0	0	0.0000
2805	5	100	0	0.0000
2806	5	100	0	0.0000
2807	5	100	0	0.1570
2808	5	100	0	0.1688
2809	5	100	0	0.0000
2810	5	100	0	0.0000
2811	5	100	0	0.0000
2812	5	100	0	0.0000
2813	5	100	0	0.0000
2814	5	100	0	0.0000
2815	5	100	0	0.0000
2816	5	100	0	0.0000
2817	5	99	0	0.0000
2818	5	100	0	0.0000
2819	5	100	0	0.0000
2820	5	100	0	0.0000
2821	5	100	0	0.0000
2822	5	100	0	0.0000
2823	5	100	0	0.0000
2824	5	100	0	0.0000
2825	5	99	0	0.0000
2826	5	100	0	0.0068
2827	5	100	0	0.0000
2828	5	100	0	0.0000
2829	5	100	0	0.0060
2830	5	100	0	0.0000
2831	5	100	0	0.0000
2832	5	100	0	0.0000
2833	5	100	0	0.0000
2834	5	100	0	0.0000
2835	5	100	0	0.0000
2836	5	100	0	0.0000
2837	5	100	0	0.0000
2838	5	100	0	0.0000
2839	5	100	0	0.0000
2840	5	100	0	0.0000
2841	6	100	0	0.0000
2842	6	100	0	0.0000
2843	6	100	0	0.0000
2844	6	100	0	0.0000
2845	5	100	0	0.0000
2846	5	100	0	0.0000
2847	5	100	0	0.0254
2848	5	100	0	0.0000
2849	5	100	0	0.0000
2850	5	100	0	0.0000
2851	5	100	0	0.0000
2852	5	100	0	0.0000
2853	5	100	0	0.0000
2854	5	100	0	0.0000
2855	5	100	0	0.0000
2856	5	100	0	0.0000
2857	5	100	0	0.0000
2858	5	100	0	0.0000
2859	5	100	0	0.0000
2860	5	100	0	0.0000
2861	5	100	0	0.0000
2862	5	100	0	0.0000
2863	5	100	0	0.0000
2864	5	100	0	0.0000
2865	5	100	0	0.0000
2866	5	100	0	0.0000
2867	5	100	0	0.0118
2868	5	99	0	0.0000
2869	5	100	0	0.0000
2870	5	100	0	0.0000
2871	5	100	0	0.0000
2872	5	100	0	0.0000
2873	5	100	0	0.0000
2874	5	100	0	0.0000
2875	5	100	0	0.0000
2876	5	100	0	0.0000
2877	5	100	0	0.0000
2878	5	100	0	0.0000
2879	5	100	0	0.0000
2880	5	100	0	0.0000
2881	2	0	0	0.0000
2882	6	100	0	0.0000
2883	2	0	0	0.0000
2884	2	0	0	0.0000
2885	6	100	0	0.1156
2886	5	100	0	0.0000
2887	6	100	0	0.0198
2888	5	100	0	0.0000
2889	5	100	0	0.0000
2890	5	100	0	0.0000
2891	5	100	0	0.0000
2892	5	100	0	0.0000
2893	5	100	0	0.0000
2894	5	100	0	0.0000
2895	5	100	0	0.0000
2896	5	100	0	0.0000
2897	5	100	0	0.0000
2898	5	100	0	0.0000
2899	5	100	0	0.0000
2900	5	99	0	0.0000
2901	5	99	0	0.0000
2902	5	99	0	0.0000
2903	5	99	0	0.0000
2904	5	97	0	0.0000
2905	5	100	0	0.0000
2906	5	99	0	0.0000
2907	5	100	0	0.0000
2908	5	100	0	0.0000
2909	5	100	0	0.0000
2910	5	100	0	0.0000
2911	5	100	0	0.0000
2912	5	99	0	0.0000
2913	5	100	0	0.0000
2914	5	100	0	0.0000
2915	5	100	0	0.0000
2916	5	100	0	0.0000
2917	5	100	0	0.0000
2918	5	100	0	0.0000
2919	5	100	0	0.0000
2920	5	100	0	0.0000
2921	2	0	0	0.0000
2922	2	0	0	0.0000
2923	6	100	0	0.1243
2924	6	100	0	0.1350
2925	6	100	0	0.0000
2926	5	100	0	0.1636
2927	5	100	0	0.0000
2928	5	100	0	0.0126
2929	5	100	0	0.0000
2930	5	100	0	0.0000
2931	5	100	0	0.0000
2932	5	100	0	0.0073
2933	5	100	0	0.0000
2934	5	100	0	0.0000
2935	5	100	0	0.0000
2936	5	100	0	0.0000
2937	5	100	0	0.0000
2938	5	99	0	0.0000
2939	5	100	0	0.0000
2940	5	100	0	0.0000
2941	5	100	0	0.0000
2942	5	100	0	0.0000
2943	5	100	0	0.0000
2944	5	100	0	0.0000
2945	5	100	0	0.0047
2946	5	100	0	0.0000
2947	5	100	0	0.0000
2948	5	100	0	0.0000
2949	5	100	0	0.0000
2950	5	100	0	0.0000
2951	5	100	0	0.0085
2952	5	100	0	0.0000
2953	5	100	0	0.0000
2954	5	100	0	0.0000
2955	5	100	0	0.0000
2956	5	100	0	0.0000
2957	5	100	0	0.0000
2958	5	100	0	0.0000
2959	5	100	0	0.0000
2960	5	100	0	0.0000
2961	6	100	0	0.0000
2962	6	100	0	0.0000
2963	2	0	0	0.0000
2964	5	100	0	0.0000
2965	5	100	0	0.1504
2966	5	100	0	0.0000
2967	5	100	0	0.0000
2968	5	100	0	0.0000
2969	6	99	0	0.0441
2970	5	100	0	0.0000
2971	5	100	0	0.0000
2972	5	99	0	0.0000
2973	5	99	0	0.0000
2974	5	100	0	0.0000
2975	5	100	0	0.0000
2976	5	100	0	0.0000
2977	5	100	0	0.0000
2978	5	100	0	0.0000
2979	5	100	0	0.0000
2980	5	100	0	0.0000
2981	5	100	0	0.0000
2982	5	100	0	0.0000
2983	5	100	0	0.0000
2984	5	99	0	0.0061
2985	5	99	0	0.0000
2986	5	100	0	0.0000
2987	5	100	0	0.0000
2988	5	100	0	0.0000
2989	5	98	0	0.0000
2990	5	99	0	0.0000
2991	5	100	0	0.0000
2992	5	100	0	0.0000
2993	5	100	0	0.0090
2994	5	100	0	0.0000
2995	5	100	0	0.0000
2996	5	100	0	0.0000
2997	5	100	0	0.0000
2998	5	100	0	0.0000
2999	5	100	0	0.0000
3000	5	100	0	0.0000
3001	2	0	0	0.0000
3002	6	100	0	0.0000
3003	6	100	0	0.0910
3004	6	100	0	0.0000
3005	6	100	0	0.0963
3006	6	100	0	0.0000
3007	6	100	0	0.1369
3008	6	100	0	0.1326
3009	5	100	0	0.0000
3010	5	100	0	0.0000
3011	5	100	0	0.0000
3012	6	95	0	0.1285
3013	5	100	0	0.0000
3014	5	100	0	0.0000
3015	5	100	0	0.0000
3016	5	100	0	0.0000
3017	5	100	0	0.0000
3018	5	100	0	0.0000
3019	5	100	0	0.0000
3020	5	100	0	0.0000
3021	5	100	0	0.0000
3022	5	100	0	0.0000
3023	5	100	0	0.0061
3024	5	100	0	0.0000
3025	5	100	0	0.0000
3026	5	99	0	0.0000
3027	5	100	0	0.0000
3028	5	100	0	0.0000
3029	5	100	0	0.0000
3030	5	100	0	0.0000
3031	5	99	0	0.0000
3032	5	100	0	0.0000
3033	5	100	0	0.0000
3034	5	100	0	0.0000
3035	5	100	0	0.0000
3036	5	100	0	0.0000
3037	5	100	0	0.0000
3038	5	100	0	0.0000
3039	5	100	0	0.0000
3040	5	100	0	0.0000
3041	2	0	0	0.0000
3042	6	100	0	0.0000
3043	6	100	0	0.0000
3044	6	100	0	0.1358
3045	5	100	0	0.0000
3046	6	97	0	0.1620
3047	5	100	0	0.0000
3048	5	100	0	0.0000
3049	6	99	0	0.1308
3050	5	100	0	0.0000
3051	5	100	0	0.0000
3052	5	100	0	0.0000
3053	5	100	0	0.0000
3054	5	100	0	0.0000
3055	5	100	0	0.0000
3056	5	100	0	0.0000
3057	5	100	0	0.0000
3058	5	100	0	0.0000
3059	5	100	0	0.0000
3060	5	100	0	0.0000
3061	5	99	0	0.0000
3062	5	100	0	0.0000
3063	5	99	0	0.0000
3064	5	99	0	0.0000
3065	5	100	0	0.0000
3066	5	98	0	0.0000
3067	5	100	0	0.0000
3068	5	100	0	0.0000
3069	5	100	0	0.0000
3070	5	99	0	0.0000
3071	5	99	0	0.0000
3072	5	100	0	0.0000
3073	5	100	0	0.0000
3074	5	100	0	0.0000
3075	5	100	0	0.0000
3076	5	100	0	0.0000
3077	5	100	0	0.0000
3078	5	100	0	0.0000
3079	5	100	0	0.0000
3080	5	100	0	0.0000
3081	2	0	0	0.0000
3082	6	100	0	0.1306
3083	6	100	0	0.1400
3084	2	0	0	0.0000
3085	6	95	0	0.0000
3086	5	100	0	0.0000
3087	5	100	0	0.1642
3088	5	100	0	0.0000
3089	5	100	0	0.0000
3090	5	100	0	0.0000
3091	5	100	0	0.0000
3092	5	100	0	0.0000
3093	5	100	0	0.0000
3094	5	100	0	0.0116
3095	5	100	0	0.0000
3096	5	100	0	0.0000
3097	5	100	0	0.0000
3098	5	100	0	0.0000
3099	5	100	0	0.0000
3100	5	100	0	0.0000
3101	5	100	0	0.0000
3102	5	100	0	0.0000
3103	5	100	0	0.0000
3104	5	100	0	0.0000
3105	5	100	0	0.0000
3106	5	100	0	0.0000
3107	5	100	0	0.0000
3108	5	100	0	0.0000
3109	5	100	0	0.0000
3110	5	100	0	0.0000
3111	5	100	0	0.0000
3112	5	100	0	0.0000
3113	5	100	0	0.0000
3114	5	100	0	0.0000
3115	5	100	0	0.0000
3116	5	100	0	0.0000
3117	5	100	0	0.0000
3118	5	100	0	0.0075
3119	5	100	0	0.0000
3120	5	100	0	0.0000
3121	2	0	0	0.0000
3122	2	0	0	0.0000
3123	2	0	0	0.0000
3124	6	99	0	0.0000
3125	5	100	0	0.0000
3126	5	100	0	0.0000
3127	6	98	0	0.0981
3128	5	100	0	0.0000
3129	6	100	0	0.0986
3130	5	100	0	0.1530
3131	5	100	0	0.0000
3132	5	100	0	0.0000
3133	5	100	0	0.0000
3134	5	100	0	0.0106
3135	5	100	0	0.0000
3136	5	100	0	0.0000
3137	5	99	0	0.0000
3138	5	100	0	0.0000
3139	5	100	0	0.0000
3140	5	100	0	0.0000
3141	5	100	0	0.0000
3142	5	100	0	0.0000
3143	5	100	0	0.0000
3144	5	100	0	0.0000
3145	5	100	0	0.0000
3146	5	100	0	0.0000
3147	5	100	0	0.0000
3148	5	100	0	0.0000
3149	5	100	0	0.0000
3150	5	100	0	0.0000
3151	5	100	0	0.0000
3152	5	100	0	0.0000
3153	5	100	0	0.0000
3154	5	100	0	0.0000
3155	5	100	0	0.0000
3156	5	100	0	0.0000
3157	5	100	0	0.0000
3158	5	100	0	0.0000
3159	5	100	0	0.0000
3160	5	100	0	0.0000
3161	2	0	0	0.0000
3162	6	100	0	0.0000
3163	6	100	0	0.0000
3164	5	100	0	0.0000
3165	6	100	0	0.1245
3166	5	100	0	0.0000
3167	5	100	0	0.0000
3168	5	100	0	0.0000
3169	5	100	0	0.0000
3170	5	100	0	0.0000
3171	6	97	0	0.0000
3172	5	100	0	0.0000
3173	5	100	0	0.0000
3174	5	100	0	0.0000
3175	5	100	0	0.0000
3176	5	100	0	0.0000
3177	5	100	0	0.0000
3178	5	100	0	0.0000
3179	5	100	0	0.0000
3180	5	100	0	0.0000
3181	5	100	0	0.0000
3182	5	100	0	0.0000
3183	5	100	0	0.0000
3184	5	100	0	0.0000
3185	5	100	0	0.0000
3186	5	99	0	0.0000
3187	5	100	0	0.0000
3188	5	100	0	0.0000
3189	5	100	0	0.0000
3190	5	100	0	0.0000
3191	5	100	0	0.0000
3192	5	100	0	0.0000
3193	5	100	0	0.0000
3194	5	100	0	0.0000
3195	5	100	0	0.0000
3196	5	100	0	0.0000
3197	5	100	0	0.0000
3198	5	100	0	0.0000
3199	5	100	0	0.0000
3200	5	100	0	0.0000
3201	2	0	0	0.0000
3202	6	100	0	0.0000
3203	6	100	0	0.0877
3204	2	0	0	0.0000
3205	5	100	0	0.1471
3206	6	100	0	0.1275
3207	5	100	0	0.0000
3208	5	100	0	0.0000
3209	6	67	0	0.0375
3210	5	100	0	0.0000
3211	5	100	0	0.0000
3212	5	100	0	0.0000
3213	5	100	0	0.0073
3214	5	100	0	0.0000
3215	5	100	0	0.0000
3216	5	100	0	0.0000
3217	5	100	0	0.0000
3218	5	100	0	0.0000
3219	5	100	0	0.0000
3220	5	100	0	0.0000
3221	5	100	0	0.0000
3222	5	100	0	0.0061
3223	5	99	0	0.0000
3224	5	100	0	0.0000
3225	5	100	0	0.0099
3226	5	99	0	0.0000
3227	5	99	0	0.0000
3228	5	100	0	0.0075
3229	5	100	0	0.0000
3230	5	100	0	0.0000
3231	5	100	0	0.0084
3232	5	100	0	0.0074
3233	5	100	0	0.0000
3234	5	100	0	0.0000
3235	5	100	0	0.0000
3236	5	100	0	0.0000
3237	5	100	0	0.0000
3238	5	100	0	0.0000
3239	5	100	0	0.0000
3240	5	100	0	0.0000
3241	6	100	0	0.0000
3242	6	100	0	0.0000
3243	5	100	0	0.0000
3244	6	100	0	0.1250
3245	6	100	0	0.0000
3246	5	100	0	0.0000
3247	5	100	0	0.0000
3248	6	98	0	0.1009
3249	5	100	0	0.0000
3250	6	89	0	0.0000
3251	5	100	0	0.0000
3252	5	100	0	0.0000
3253	5	100	0	0.0000
3254	5	100	0	0.0000
3255	5	100	0	0.0000
3256	5	100	0	0.0000
3257	5	100	0	0.0000
3258	5	100	0	0.0000
3259	5	100	0	0.0000
3260	5	100	0	0.0000
3261	5	100	0	0.0000
3262	5	100	0	0.0000
3263	5	100	0	0.0048
3264	5	100	0	0.0049
3265	5	100	0	0.0000
3266	5	99	0	0.0000
3267	5	100	0	0.0000
3268	5	100	0	0.0000
3269	5	100	0	0.0000
3270	5	100	0	0.0074
3271	5	100	0	0.0000
3272	5	100	0	0.0000
3273	5	100	0	0.0000
3274	5	100	0	0.0000
3275	5	100	0	0.0000
3276	5	100	0	0.0000
3277	5	100	0	0.0000
3278	5	100	0	0.0000
3279	5	100	0	0.0000
3280	5	100	0	0.0000
3281	2	0	0	0.0000
3282	6	100	0	0.0000
3283	6	100	0	0.1026
3284	6	99	0	0.0000
3285	6	100	0	0.1382
3286	5	100	0	0.0000
3287	5	100	0	0.0000
3288	5	100	0	0.0000
3289	6	100	0	0.0000
3290	5	100	0	0.0000
3291	5	100	0	0.0000
3292	5	100	0	0.0000
3293	5	100	0	0.0000
3294	5	100	0	0.0000
3295	5	100	0	0.0000
3296	5	100	0	0.0000
3297	5	100	0	0.0000
3298	5	100	0	0.0000
3299	5	100	0	0.0000
3300	5	100	0	0.0081
3301	5	100	0	0.0085
3302	5	100	0	0.0000
3303	5	100	0	0.0000
3304	5	100	0	0.0000
3305	5	100	0	0.0068
3306	5	100	0	0.0000
3307	5	100	0	0.0000
3308	5	100	0	0.0000
3309	5	100	0	0.0000
3310	5	100	0	0.0048
3311	5	100	0	0.0000
3312	5	100	0	0.0000
3313	5	100	0	0.0000
3314	5	100	0	0.0000
3315	5	100	0	0.0058
3316	5	100	0	0.0000
3317	5	100	0	0.0000
3318	5	100	0	0.0095
3319	5	100	0	0.0086
3320	5	100	0	0.0000
3321	2	0	0	0.0000
3322	6	100	0	0.0000
3323	6	100	0	0.0000
3324	6	100	0	0.0000
3325	6	100	0	0.0814
3326	5	100	0	0.0000
3327	6	99	0	0.1427
3328	6	100	0	0.1256
3329	5	100	0	0.0135
3330	5	100	0	0.1532
3331	5	100	0	0.0000
3332	6	100	0	0.1661
3333	5	100	0	0.0000
3334	5	100	0	0.0000
3335	5	100	0	0.0000
3336	5	100	0	0.0000
3337	5	100	0	0.0000
3338	5	100	0	0.0000
3339	5	100	0	0.0000
3340	5	100	0	0.0068
3341	5	100	0	0.0000
3342	5	100	0	0.0000
3343	5	100	0	0.0000
3344	5	98	0	0.0000
3345	5	100	0	0.0061
3346	5	100	0	0.0000
3347	5	100	0	0.0077
3348	5	100	0	0.0000
3349	5	100	0	0.0000
3350	5	100	0	0.0000
3351	5	100	0	0.0060
3352	5	100	0	0.0093
3353	5	100	0	0.0000
3354	5	100	0	0.0000
3355	5	100	0	0.0000
3356	5	100	0	0.0000
3357	5	100	0	0.0000
3358	5	100	0	0.0000
3359	5	100	0	0.0000
3360	5	100	0	0.0000
3361	2	0	0	0.0000
3362	6	100	0	0.0000
3363	6	100	0	0.0000
3364	6	98	0	0.0000
3365	5	100	0	0.0121
3366	5	100	0	0.0000
3367	5	100	0	0.0000
3368	5	100	0	0.0000
3369	5	100	0	0.0000
3370	5	100	0	0.0000
3371	5	100	0	0.0153
3372	5	100	0	0.0198
3373	5	100	0	0.0051
3374	5	100	0	0.0000
3375	5	100	0	0.0000
3376	5	100	0	0.0000
3377	5	100	0	0.0000
3378	5	100	0	0.0000
3379	5	100	0	0.0000
3380	5	100	0	0.0000
3381	5	100	0	0.0000
3382	5	100	0	0.0000
3383	5	100	0	0.0000
3384	5	100	0	0.0000
3385	5	100	0	0.0000
3386	5	100	0	0.0000
3387	5	100	0	0.0000
3388	5	100	0	0.0000
3389	5	100	0	0.0075
3390	5	100	0	0.0082
3391	5	100	0	0.0000
3392	5	100	0	0.0000
3393	5	100	0	0.0086
3394	5	100	0	0.0000
3395	5	100	0	0.0000
3396	5	100	0	0.0082
3397	5	100	0	0.0000
3398	5	100	0	0.0000
3399	5	100	0	0.0000
3400	5	100	0	0.0000
3401	2	0	0	0.0000
3402	2	0	0	0.0000
3403	6	100	0	0.0000
3404	6	100	0	0.0000
3405	6	100	0	0.1288
3406	5	100	0	0.0000
3407	5	100	0	0.0000
3408	6	100	0	0.0000
3409	6	100	0	0.1268
3410	5	100	0	0.0000
3411	5	100	0	0.0000
3412	5	100	0	0.1441
3413	5	100	0	0.0000
3414	5	100	0	0.0000
3415	5	100	0	0.0072
3416	5	100	0	0.0000
3417	5	100	0	0.0000
3418	5	100	0	0.0000
3419	5	100	0	0.0000
3420	5	100	0	0.0035
3421	5	100	0	0.0059
3422	5	100	0	0.0000
3423	5	100	0	0.0000
3424	5	100	0	0.0000
3425	5	100	0	0.0000
3426	5	100	0	0.0000
3427	5	100	0	0.0000
3428	5	100	0	0.0000
3429	5	100	0	0.0000
3430	5	100	0	0.0000
3431	5	100	0	0.0000
3432	5	100	0	0.0000
3433	5	100	0	0.0000
3434	5	100	0	0.0000
3435	5	100	0	0.0000
3436	5	100	0	0.0000
3437	5	100	0	0.0000
3438	5	100	0	0.0000
3439	5	100	0	0.0000
3440	5	100	0	0.0000
3441	2	0	0	0.0000
3442	6	100	0	0.0000
3443	6	100	0	0.0000
3444	5	100	0	0.0000
3445	5	100	0	0.0165
3446	5	100	0	0.0000
3447	5	100	0	0.0000
3448	5	100	0	0.0093
3449	5	100	0	0.0000
3450	6	100	0	0.1289
3451	5	100	0	0.0000
3452	5	100	0	0.0000
3453	5	100	0	0.0000
3454	5	100	0	0.0000
3455	5	100	0	0.0000
3456	5	100	0	0.0000
3457	5	100	0	0.0000
3458	5	100	0	0.0000
3459	5	100	0	0.0000
3460	5	100	0	0.0000
3461	5	100	0	0.0000
3462	5	100	0	0.0000
3463	5	100	0	0.0082
3464	5	100	0	0.0000
3465	5	100	0	0.0000
3466	5	100	0	0.0000
3467	5	100	0	0.0000
3468	5	100	0	0.0067
3469	5	100	0	0.0074
3470	5	100	0	0.0000
3471	5	100	0	0.0000
3472	5	100	0	0.0000
3473	5	100	0	0.0000
3474	5	100	0	0.0059
3475	5	100	0	0.0000
3476	5	100	0	0.0000
3477	5	100	0	0.0000
3478	5	100	0	0.0000
3479	5	100	0	0.0000
3480	5	100	0	0.0074
3481	2	0	0	0.0000
3482	2	0	0	0.0000
3483	6	100	0	0.0000
3484	6	100	0	0.0000
3485	5	100	0	0.1125
3486	5	100	0	0.0000
3487	5	100	0	0.1490
3488	5	100	0	0.0000
3489	5	100	0	0.0000
3490	5	100	0	0.0000
3491	5	100	0	0.1377
3492	5	100	0	0.0000
3493	5	100	0	0.0000
3494	5	100	0	0.0000
3495	5	100	0	0.0000
3496	5	100	0	0.0000
3497	5	100	0	0.0000
3498	5	100	0	0.0000
3499	5	100	0	0.0060
3500	5	100	0	0.0000
3501	5	100	0	0.0000
3502	5	100	0	0.0000
3503	5	100	0	0.0000
3504	5	100	0	0.0000
3505	5	100	0	0.0000
3506	5	100	0	0.0000
3507	5	100	0	0.0034
3508	5	100	0	0.0083
3509	5	100	0	0.0066
3510	5	100	0	0.0000
3511	5	100	0	0.0000
3512	5	100	0	0.0000
3513	5	100	0	0.0000
3514	5	100	0	0.0000
3515	5	100	0	0.0000
3516	5	100	0	0.0000
3517	5	100	0	0.0000
3518	5	100	0	0.0000
3519	5	100	0	0.0064
3520	5	100	0	0.0000
3521	6	100	0	0.0000
3522	6	100	0	0.0000
3523	2	0	0	0.0000
3524	6	100	0	0.0000
3525	6	100	0	0.1306
3526	5	100	0	0.0113
3527	6	100	0	0.1274
3528	5	100	0	0.0062
3529	5	100	0	0.0000
3530	5	100	0	0.0000
3531	5	100	0	0.0108
3532	5	100	0	0.0000
3533	5	100	0	0.0000
3534	5	100	0	0.0000
3535	5	100	0	0.0000
3536	5	100	0	0.0000
3537	5	100	0	0.0000
3538	5	100	0	0.0000
3539	5	100	0	0.0000
3540	5	100	0	0.0000
3541	5	100	0	0.0000
3542	5	99	0	0.0000
3543	5	100	0	0.0000
3544	5	100	0	0.0000
3545	5	100	0	0.0000
3546	5	100	0	0.0000
3547	5	100	0	0.0060
3548	5	100	0	0.0000
3549	5	100	0	0.0000
3550	5	100	0	0.0000
3551	5	100	0	0.0048
3552	5	100	0	0.0000
3553	5	100	0	0.0000
3554	5	100	0	0.0048
3555	5	100	0	0.0000
3556	5	100	0	0.0000
3557	5	100	0	0.0000
3558	5	100	0	0.0071
3559	5	100	0	0.0000
3560	5	100	0	0.0000
3561	2	0	0	0.0000
3562	2	0	0	0.0000
3563	6	100	0	0.0000
3564	6	100	0	0.0000
3565	5	100	0	0.0000
3566	5	100	0	0.0000
3567	5	100	0	0.1364
3568	5	100	0	0.0000
3569	5	100	0	0.0000
3570	5	100	0	0.0000
3571	6	94	0	0.0000
3572	5	100	0	0.0000
3573	5	100	0	0.0000
3574	5	100	0	0.0092
3575	5	100	0	0.0000
3576	5	100	0	0.0050
3577	5	100	0	0.0000
3578	5	100	0	0.0000
3579	5	100	0	0.0000
3580	5	96	0	0.0000
3581	5	100	0	0.0000
3582	5	100	0	0.0061
3583	5	100	0	0.0000
3584	5	100	0	0.0076
3585	5	100	0	0.0000
3586	5	100	0	0.0000
3587	5	100	0	0.0000
3588	5	100	0	0.0000
3589	5	100	0	0.0000
3590	5	100	0	0.0000
3591	5	100	0	0.0000
3592	5	100	0	0.0000
3593	5	100	0	0.0000
3594	5	100	0	0.0000
3595	5	100	0	0.0000
3596	5	100	0	0.0067
3597	5	100	0	0.0000
3598	5	100	0	0.0047
3599	5	100	0	0.0057
3600	5	100	0	0.0000
3601	6	100	0	0.0000
3602	5	100	0	0.0000
3603	6	100	0	0.0000
3604	2	0	0	0.0000
3605	5	100	0	0.0209
3606	6	100	0	0.0000
3607	5	100	0	0.0000
3608	5	100	0	0.0000
3609	6	93	0	0.1817
3610	5	100	0	0.0000
3611	5	100	0	0.0000
3612	5	100	0	0.0073
3613	5	100	0	0.0000
3614	5	100	0	0.0000
3615	5	100	0	0.0000
3616	5	100	0	0.0000
3617	5	100	0	0.0146
3618	5	100	0	0.0000
3619	5	100	0	0.0157
3620	5	100	0	0.0000
3621	5	100	0	0.0000
3622	5	100	0	0.0000
3623	5	100	0	0.0000
3624	5	100	0	0.0000
3625	5	100	0	0.0000
3626	5	100	0	0.0074
3627	5	100	0	0.0000
3628	5	100	0	0.0000
3629	5	100	0	0.0000
3630	5	100	0	0.0000
3631	5	100	0	0.0068
3632	5	100	0	0.0048
3633	5	100	0	0.0000
3634	5	100	0	0.0000
3635	5	100	0	0.0000
3636	5	100	0	0.0000
3637	5	100	0	0.0000
3638	5	100	0	0.0089
3639	5	100	0	0.0000
3640	5	100	0	0.0000
3641	6	100	0	0.0000
3642	2	0	0	0.0000
3643	6	100	0	0.0000
3644	6	100	0	0.0964
3645	6	100	0	0.1185
3646	2	0	0	0.0000
3647	5	100	0	0.0099
3648	5	100	0	0.0291
3649	5	100	0	0.0000
3650	5	100	0	0.1446
3651	5	100	0	0.0000
3652	5	100	0	0.0000
3653	5	100	0	0.0000
3654	5	100	0	0.0000
3655	5	100	0	0.0079
3656	5	100	0	0.0000
3657	5	100	0	0.0000
3658	5	100	0	0.0000
3659	5	100	0	0.0085
3660	5	100	0	0.0000
3661	5	100	0	0.0000
3662	5	100	0	0.0000
3663	5	100	0	0.0050
3664	5	100	0	0.0000
3665	5	100	0	0.0000
3666	5	100	0	0.0000
3667	5	100	0	0.0000
3668	5	100	0	0.0000
3669	5	100	0	0.0000
3670	5	100	0	0.0000
3671	5	100	0	0.0000
3672	5	100	0	0.0000
3673	5	100	0	0.0000
3674	5	100	0	0.0074
3675	5	100	0	0.0000
3676	5	100	0	0.0000
3677	5	100	0	0.0000
3678	5	100	0	0.0096
3679	5	100	0	0.0000
3680	5	100	0	0.0000
3681	6	100	0	0.0000
3682	2	0	0	0.0000
3683	6	100	0	0.0000
3684	5	100	0	0.0000
3685	5	100	0	0.0000
3686	5	100	0	0.0000
3687	5	100	0	0.0000
3688	6	99	0	0.1393
3689	5	100	0	0.0000
3690	6	100	0	0.1208
3691	5	100	0	0.0000
3692	5	100	0	0.0000
3693	5	100	0	0.0000
3694	5	100	0	0.0000
3695	5	100	0	0.0102
3696	5	100	0	0.0060
3697	5	100	0	0.0000
3698	5	100	0	0.0000
3699	5	100	0	0.0000
3700	5	100	0	0.0000
3701	5	100	0	0.0000
3702	5	100	0	0.0075
3703	5	100	0	0.0048
3704	5	100	0	0.0000
3705	5	100	0	0.0000
3706	5	100	0	0.0083
3707	5	100	0	0.0000
3708	5	100	0	0.0000
3709	5	100	0	0.0078
3710	5	100	0	0.0000
3711	5	100	0	0.0000
3712	5	100	0	0.0081
3713	5	100	0	0.0000
3714	5	100	0	0.0000
3715	5	100	0	0.0000
3716	5	100	0	0.0000
3717	5	100	0	0.0000
3718	5	100	0	0.0000
3719	5	100	0	0.0000
3720	5	100	0	0.0084
3721	2	0	0	0.0000
3722	6	100	0	0.0000
3723	6	100	0	0.0000
3724	6	100	0	0.0000
3725	6	100	0	0.0000
3726	6	100	0	0.0000
3727	5	100	0	0.1458
3728	6	99	0	0.1317
3729	5	100	0	0.0000
3730	6	100	0	0.1188
3731	5	100	0	0.0000
3732	5	100	0	0.0000
3733	5	100	0	0.0000
3734	5	100	0	0.0000
3735	5	100	0	0.0000
3736	5	100	0	0.0083
3737	5	100	0	0.0060
3738	5	100	0	0.0000
3739	5	100	0	0.0000
3740	5	99	0	0.0000
3741	5	100	0	0.0000
3742	5	100	0	0.0000
3743	5	100	0	0.0000
3744	5	100	0	0.0000
3745	5	100	0	0.0000
3746	5	100	0	0.0000
3747	5	100	0	0.0000
3748	5	100	0	0.0047
3749	5	100	0	0.0068
3750	5	100	0	0.0000
3751	5	100	0	0.0081
3752	5	100	0	0.0000
3753	5	100	0	0.0068
3754	5	100	0	0.0047
3755	5	100	0	0.0000
3756	5	100	0	0.0000
3757	5	100	0	0.0000
3758	5	100	0	0.0000
3759	5	100	0	0.0000
3760	5	100	0	0.0000
3761	2	0	0	0.0000
3762	6	100	0	0.0000
3763	6	100	0	0.1275
3764	6	100	0	0.1059
3765	5	100	0	0.0194
3766	6	100	0	0.1351
3767	5	100	0	0.0000
3768	5	100	0	0.0000
3769	5	100	0	0.0000
3770	6	100	0	0.1145
3771	5	100	0	0.0000
3772	5	100	0	0.0000
3773	5	100	0	0.0000
3774	5	100	0	0.0000
3775	5	100	0	0.0000
3776	5	100	0	0.0000
3777	5	100	0	0.0000
3778	5	100	0	0.0000
3779	5	100	0	0.0141
3780	5	100	0	0.0000
3781	5	100	0	0.0072
3782	5	100	0	0.0061
3783	5	100	0	0.0076
3784	5	100	0	0.0000
3785	5	100	0	0.0000
3786	5	100	0	0.0000
3787	5	100	0	0.0069
3788	5	100	0	0.0000
3789	5	100	0	0.0000
3790	5	100	0	0.0000
3791	5	100	0	0.0080
3792	5	100	0	0.0000
3793	5	100	0	0.0000
3794	5	100	0	0.0081
3795	5	100	0	0.0096
3796	5	100	0	0.0075
3797	5	100	0	0.0000
3798	5	100	0	0.0000
3799	5	100	0	0.0046
3800	5	100	0	0.0000
3801	2	0	0	0.0000
3802	6	100	0	0.0000
3803	6	100	0	0.0000
3804	6	100	0	0.0000
3805	6	100	0	0.1170
3806	6	100	0	0.0912
3807	5	100	0	0.0000
3808	5	100	0	0.0000
3809	6	100	0	0.0229
3810	5	100	0	0.0000
3811	5	100	0	0.0000
3812	5	100	0	0.0097
3813	5	100	0	0.0000
3814	5	100	0	0.0060
3815	5	100	0	0.0000
3816	5	100	0	0.0000
3817	5	100	0	0.0035
3818	5	100	0	0.0000
3819	5	100	0	0.0049
3820	5	100	0	0.0072
3821	5	100	0	0.0059
3822	5	100	0	0.0000
3823	5	100	0	0.0036
3824	5	100	0	0.0000
3825	5	100	0	0.0000
3826	5	100	0	0.0081
3827	5	100	0	0.0000
3828	5	100	0	0.0000
3829	5	100	0	0.0000
3830	5	100	0	0.0066
3831	5	100	0	0.0000
3832	5	100	0	0.0000
3833	5	100	0	0.0086
3834	5	100	0	0.0047
3835	5	100	0	0.0067
3836	5	100	0	0.0000
3837	5	100	0	0.0081
3838	5	100	0	0.0000
3839	5	100	0	0.0000
3840	5	100	0	0.0072
3841	2	0	0	0.0000
3842	6	100	0	0.0000
3843	6	100	0	0.0000
3844	6	100	0	0.0000
3845	5	100	0	0.0000
3846	6	100	0	0.1263
3847	5	100	0	0.0000
3848	5	100	0	0.0473
3849	5	100	0	0.0000
3850	5	100	0	0.0000
3851	5	100	0	0.0000
3852	5	100	0	0.0000
3853	5	100	0	0.0061
3854	5	100	0	0.0000
3855	5	100	0	0.0060
3856	5	100	0	0.0118
3857	5	100	0	0.0035
3858	5	100	0	0.0000
3859	5	100	0	0.0120
3860	5	100	0	0.0070
3861	5	100	0	0.0000
3862	5	100	0	0.0000
3863	5	100	0	0.0000
3864	5	100	0	0.0049
3865	5	100	0	0.0000
3866	5	100	0	0.0000
3867	5	100	0	0.0083
3868	5	100	0	0.0000
3869	5	100	0	0.0000
3870	5	100	0	0.0000
3871	5	100	0	0.0000
3872	5	100	0	0.0000
3873	5	100	0	0.0000
3874	5	100	0	0.0000
3875	5	100	0	0.0197
3876	5	100	0	0.0000
3877	5	100	0	0.0048
3878	5	100	0	0.0000
3879	5	100	0	0.0078
3880	5	100	0	0.0000
3881	2	0	0	0.0000
3882	2	0	0	0.0000
3883	2	0	0	0.0000
3884	6	100	0	0.0000
3885	5	100	0	0.0000
3886	5	100	0	0.1451
3887	5	100	0	0.0000
3888	6	100	0	0.1242
3889	6	100	0	0.1187
3890	5	100	0	0.0104
3891	5	100	0	0.0000
3892	5	100	0	0.0089
3893	5	100	0	0.0000
3894	5	100	0	0.0000
3895	5	100	0	0.0000
3896	5	100	0	0.0049
3897	5	100	0	0.0049
3898	5	100	0	0.0000
3899	5	100	0	0.0000
3900	5	100	0	0.0000
3901	5	100	0	0.0086
3902	5	100	0	0.0000
3903	5	100	0	0.0000
3904	5	100	0	0.0034
3905	5	100	0	0.0084
3906	5	100	0	0.0000
3907	5	100	0	0.0000
3908	5	100	0	0.0000
3909	5	100	0	0.0000
3910	5	100	0	0.0081
3911	5	100	0	0.0058
3912	5	100	0	0.0000
3913	5	100	0	0.0000
3914	5	100	0	0.0000
3915	5	100	0	0.0000
3916	5	100	0	0.0000
3917	5	100	0	0.0000
3918	5	100	0	0.0000
3919	5	100	0	0.0000
3920	5	100	0	0.0000
3921	2	0	0	0.0000
3922	2	0	0	0.0000
3923	6	100	0	0.0000
3924	6	100	0	0.0000
3925	6	100	0	0.0000
3926	6	100	0	0.0763
3927	5	100	0	0.0000
3928	5	100	0	0.0000
3929	5	100	0	0.0000
3930	5	100	0	0.0000
3931	5	100	0	0.0000
3932	5	100	0	0.0000
3933	5	100	0	0.0000
3934	5	100	0	0.0086
3935	5	100	0	0.0000
3936	5	100	0	0.0137
3937	5	100	0	0.0035
3938	5	100	0	0.0000
3939	5	100	0	0.0000
3940	5	100	0	0.0116
3941	5	100	0	0.0271
3942	5	100	0	0.0069
3943	5	100	0	0.0000
3944	5	100	0	0.0059
3945	5	100	0	0.0000
3946	5	100	0	0.0000
3947	5	100	0	0.0000
3948	5	100	0	0.0000
3949	5	100	0	0.0059
3950	5	100	0	0.0087
3951	5	100	0	0.0000
3952	5	100	0	0.0034
3953	5	100	0	0.0000
3954	5	100	0	0.0058
3955	5	100	0	0.0057
3956	5	100	0	0.0000
3957	5	100	0	0.0000
3958	5	100	0	0.0000
3959	5	100	0	0.0000
3960	5	100	0	0.0000
3961	2	0	0	0.0000
3962	6	100	0	0.0000
3963	6	100	0	0.0000
3964	6	100	0	0.1310
3965	6	100	0	0.0986
3966	5	100	0	0.0000
3967	5	100	0	0.0000
3968	6	99	0	0.0000
3969	5	100	0	0.0090
3970	5	100	0	0.0000
3971	5	100	0	0.0000
3972	5	100	0	0.0000
3973	5	100	0	0.0050
3974	5	100	0	0.0050
3975	5	100	0	0.0000
3976	5	100	0	0.0000
3977	5	100	0	0.0060
3978	5	100	0	0.0000
3979	5	100	0	0.0000
3980	5	100	0	0.0035
3981	5	100	0	0.0059
3982	5	100	0	0.0060
3983	5	100	0	0.0000
3984	5	100	0	0.0000
3985	5	100	0	0.0000
3986	5	100	0	0.0000
3987	5	100	0	0.0000
3988	5	100	0	0.0000
3989	5	100	0	0.0000
3990	5	100	0	0.0000
3991	5	100	0	0.0058
3992	5	100	0	0.0000
3993	5	100	0	0.0000
3994	5	100	0	0.0074
3995	5	100	0	0.0000
3996	5	100	0	0.0000
3997	5	100	0	0.0102
3998	5	100	0	0.0077
3999	5	100	0	0.0065
4000	5	100	0	0.0000
